900
881.053 790.41
880.863 793.758
887.684 796.661
834.234 784.845
840.707 785.596
851.817 790.628
969.035 900.714
960.67 893.95
948.451 880.559
881.694 789.406
885.883 795.906
895.331 803.694
968.074 908.79
960.64 896.406
950.224 882.879
842.521 737.678
847.046 744.39
854.387 754.031
876.694 795.353
875.277 788.924
870.255 783.614
931.328 852.685
925.235 843.848
913.708 830.514
854.535 831.28
861.654 830.172
870.018 830.434
908.743 755.786
906.118 763.222
899.981 767.858
789.259 815.091
794.581 811.318
802.936 808.951
914.787 837.701
903.336 833.898
891.224 830.922
897.964 820.322
895.584 823.559
891.614 831.648
883.155 785.607
885.624 793.153
884.374 802.862
950.29 736.557
944.853 740.137
938.561 748.655
905.528 797.742
908.744 794.49
914.88 787.868
881.112 801.85
885.94 800.337
894.146 793.702
873.582 789.993
881.226 792.251
891.627 793.093
866.708 779.657
873.887 782.818
884.219 788.95
859.182 748.148
864.354 756.653
869.399 764.729
830.651 750.323
836.434 753.232
849.246 755.812
798.248 772.687
801.769 772.035
807.55 769.649
873.994 834.42
869.155 831.978
863.302 826.381
969.889 907.242
962.093 902.885
951.075 892.844
796.447 805.65
803.33 807.122
812.354 814.907
848.81 710.425
845.348 716.396
844.188 724.198
880.229 796.79
874.817 787.867
869.506 776.694
923.17 758.127
914.223 759.719
904.249 765.6
896.839 785.964
897.649 781.881
899.308 779.331
894.088 814.98
894.135 807.696
895.273 799.322
802.767 770.044
808.654 771.2
814.609 772.988
878.077 794.553
873.269 789.038
862.891 789.005
845.993 811.294
849.392 807.5
854.809 800.875
812.675 726.315
815.855 732.007
818.626 741.701
818.399 806.653
815.462 799.317
819.197 788.549
845.458 752.393
842.599 755.551
836.831 763.96
921.275 873.149
914.567 865.402
903.601 848.918
813.985 716.586
815.811 723.292
824.866 731.104
812.724 820.283
810.644 814.013
814.286 806.757
880.429 821.751
873.412 820.164
863.69 819.769
893.105 781.232
888.201 787.82
883.482 791.506
975.156 830.01
966.278 826.398
951.416 820.98
974.518 765.732
973.523 772.134
968.662 778.49
878.49 841.573
884.847 835.836
893.657 832.27
935.783 800.577
932.299 805.54
922.04 811.722
858.18 797.663
860.193 796.651
864.555 796.879
884.043 894.321
883.214 884.569
880.392 871.539
870.176 803.308
870.648 808.384
871.063 818.012
961.607 899.12
953.355 892.298
940.719 880.992
899.692 809.615
904.146 816.246
910.61 832.593
799.75 774.726
806.517 777.439
815.532 783.1
819.108 846.563
819.245 838.679
819.242 827.901
914.89 842.967
905.923 839.796
893.709 838.44
915.67 823.732
909.238 827.127
901.683 834.018
866.821 791.804
869.8 794.049
872.415 801.67
808.495 712.675
814.009 718.517
819.466 727.772
930.652 886.666
925.319 874.345
915.181 864.044
792.042 777.398
794.203 780.785
803.423 784.263
795.342 721.767
796.477 727.229
796.745 735.543
896.687 806.678
889.168 799.687
876.953 791.385
926.731 779.851
918.072 779.296
908.971 783.846
860.816 894.382
863.274 887.079
868.269 878.514
841.99 807.02
845.961 814.547
849.839 824.23
933.544 857.029
925.632 855.397
914.301 849.933
861.16 735.834
864.057 743.418
869.835 751.689
883.343 804.444
880.894 795.29
878.398 786.026
928.667 883
923.925 874.694
918.68 861.019
877.005 834.37
884.418 843.267
898.256 848.226
992.806 893.155
987.402 892.562
977.306 887.383
789.43 765.226
796.199 769.326
805.663 776.112
890.45 810.336
881.871 806.641
868.057 801.578
836.992 773.483
844.934 780.657
854.355 786.755
812.242 716.741
814.583 722.304
817.466 732.415
885.197 797.536
879.071 789.545
870.11 780.343
867.751 777.287
869.06 781.113
868.832 781.557
881.207 790.249
874.079 783.967
865.706 775.642
871.387 788.047
869.721 780.919
862.326 774.238
918.178 844.91
913.998 836.938
903.806 827.119
814.048 731.484
819.116 734.639
826.209 744.659
899.099 835.451
894.814 831.002
885.905 818.011
882.041 800.109
880.192 803.403
881.904 812.99
866.836 859.526
869.22 856.13
869.579 850.284
878.305 806.296
877.384 810.334
877.608 815.552
870.449 818.99
876.541 816.253
889.509 818.105
908.417 732.315
908.593 739.897
904.217 746.98
862.21 809.707
866.253 805.547
870.741 793.919
822.099 786.531
827.516 788.742
837.305 788.097
893.127 862.098
887.604 853.682
877.039 842.817
835.344 704.24
837.468 709.596
839.359 718.846
891.451 811.185
887.376 805.485
883.623 798.66
910.734 899.357
908.958 891.608
905.106 879.143
863.844 833.617
869.758 840.105
880.545 851.768
834.661 740.664
837.58 745.331
842.182 754.576
815.52 732.586
817.645 736.541
822.085 741.328
883.74 714.827
877.666 716.576
873.901 718.527
859.772 762.036
862.485 757.202
867.924 748.263
870.246 792.707
872.544 787.285
870.243 775.929
868.307 773.589
868.323 773.327
868.48 773.112
873.209 749.583
874.343 755.503
872.677 764.312
989.341 911.018
981.111 902.903
970.637 887.298
897.195 794.05
901.287 797.754
908.213 808.353
965.379 918.939
960.951 912.061
952.138 898.254
947.489 780.552
950.115 788.892
946.274 795.017
879.838 797.201
888.24 795.962
896.689 794.774
884.691 808.397
888.522 805.898
893.567 798.572
813.509 709.398
820.532 714.402
826.861 722.736
995.285 834.351
985.672 827.187
971.068 816.513
925.051 775.93
930.574 783.523
940.642 792.928
891.959 815.238
896.896 810.708
905.446 808.327
824.458 782.193
829.931 783.396
836.323 784.14
841.463 727.116
838.98 732.638
839.264 741.518
874.416 791.111
872.547 785.062
866.086 777.178
902.332 912.842
900.85 904.293
896.214 887.332
899.36 769.275
897.895 773.404
897.615 783.683
960.274 908.815
956.052 897.403
949.93 885.226
976.563 863.541
972.212 869.294
961.386 876.734
885.014 795.784
892.101 800.169
902.015 811.105
818.53 762.458
825.457 765.459
836.905 772.711
875.692 782.197
866.238 778.431
855.075 775.207
959.761 843.976
948.968 838.366
935.3 829.151
945.554 827.47
942.715 828.499
943.167 830.207
834.216 794.119
840.572 795.479
853.146 798.662
861.578 900.333
861.59 891.986
860.971 880
902.45 772.686
900.888 774.719
897.967 782.517
884.228 848.712
884.959 841.425
887.423 831.516
940.998 779.163
936.18 783.583
929.185 790.896
970.663 777.147
964.363 777.762
955.583 780.228
849.69 792.874
857.551 793.879
867.071 790.864
895.953 790.232
888.989 791.051
880.685 789.656
827.373 804.831
832.157 804.412
839.15 803.219
845.483 877.008
845.109 871.653
843.376 859.768
881.517 798.799
878.607 802.045
872.448 811.967
900.635 808.128
893.235 808.185
883.653 810.003
886.083 810.773
884.658 811.894
884.582 810.173
996.51 878.868
986.511 872.22
966.064 863.137
870.452 789.252
878.778 795.931
888.198 803.322
933.588 824.189
933.444 822.733
928.898 821.078
828.985 727.558
834.378 733.878
842.484 741.456
880.947 722.927
878.109 725.091
870.977 729.415
936.742 884.058
930.124 875.985
926.154 858.559
892.954 821.819
897.889 827.422
904.824 832.402
881.093 774.574
882.881 780.506
885.12 788.02
911.888 843.855
908.28 837.344
902.157 824.659
934.507 897.555
931.052 888.525
926.18 878.279
883.44 806.917
886.18 813.75
891.499 822.982
875.973 789.623
877.835 793.554
881.479 800.071
880.475 729.506
879.712 734.313
880.559 743.011
914.184 796.556
908.894 787.857
902.456 778.717
841.755 800.13
846.586 799.347
853.358 795.363
871.578 805.014
861.811 802.618
851.609 794.363
908.609 875.074
902.222 865.336
893.766 851.334
905.173 826.663
902.125 831.722
899.806 839.678
820.547 819.645
826.323 821.729
833.794 823.771
831.432 834.894
832.806 831.656
834.347 831.023
877.523 784.575
875.238 788.188
870.348 794.305
847.169 749.116
851.278 756.937
854.177 766.196
837.707 771.681
841.833 769.5
850.938 766.112
931.133 749.194
922.783 746.802
914.679 749.005
874.197 788.624
878.789 785.29
885.294 777.596
866.897 789.675
871.154 788.177
874.415 784.838
884.143 805.765
882.383 803.675
881.147 798.982
886.94 837.232
887.144 833.899
886.59 830.226
775.368 776.326
780.744 778.819
790.163 781.148
866.002 737.726
858.271 740.038
848.298 745.605
877.674 798.463
875.056 791.986
869.466 781.239
905.888 783.449
903.089 782.272
898.927 784.016
945.505 817.378
941.037 814.942
931.702 808.43
843.866 740.12
847.836 744.615
857.272 752.974
836.323 746.718
842.2 746.95
851.476 748.604
858.447 855.228
857.448 850.617
858.078 836.787
796.585 734.339
797.194 736.663
804.244 742.816
814.174 798.261
814.464 788.773
811.562 783.036
892.048 801.461
884.619 799.897
871.928 793.691
867.929 790.719
872.203 796.217
874.946 804.137
947.678 817.656
938.553 813.296
922.015 812.345
836.975 786.573
843.332 790.273
853.767 792.216
842.665 788.989
843.877 788.772
844.482 790.122
907.613 776.296
902.775 777.865
894.104 777.436
855.957 760.875
862.834 762.481
869.582 768.707
920.665 832.378
916.725 825.7
907.784 815.435
945.897 811.994
941.018 813.933
934.124 813.635
856.699 786.496
864.549 787.988
877.027 791.493
903.254 860.006
900.948 850.667
894.885 839.493
995.531 878.043
985.505 873.641
968.714 868.087
837.342 791.975
846.193 797.045
855.801 801.883
850.811 731.095
850.284 735.638
850.39 740.43
900.515 753.012
894.761 750.711
880.974 749.495
858.451 779.288
862.534 776.792
869.285 767.348
896.801 747.062
892.484 750.809
884.609 754.071
950.578 852.961
943.73 844.522
934.619 830.209
920.029 778.006
921.759 784.307
925.609 793.632
964.207 883.417
960.166 873.75
953.696 860.164
948.697 793.396
951.057 800.719
949.478 809.457
895.4 800.687
904.623 802.091
916.554 804.768
867.167 802.029
872.243 801.476
880.747 802.473
867.652 812.14
869.306 811.064
874.212 806.903
842.265 830.023
844.238 828.312
849.319 825.612
863.761 722.489
861.389 730.996
861.85 736.618
975.318 815.682
964.155 810.585
949.305 799.72
914.065 801.392
916.572 799.761
920.987 801.348
821.008 761.294
825.105 762.627
834.772 766.606
877.994 760.89
872.122 762.665
865.79 763.39
924.876 829.903
916.805 824.702
906.782 811.954
858.851 775.036
866.17 779.837
875.636 787.421
884.421 801.106
880.439 796.039
877.124 791.522
822.787 771.065
826.765 770.878
832.972 774.072
927.621 892.422
919.466 881.222
908.854 868.987
819.163 818.261
823.202 822.417
828.54 824.379
986.455 857.539
976.972 855.8
963.624 851.913
792.931 761.287
798.966 763.442
807.291 770.064
848.06 755.95
841.025 757.769
833.942 760.486
880.949 781.652
872.617 777.683
861.088 773.282
843.793 742.846
848.227 752.189
852.471 760.346
874.254 790.342
867.185 784.88
862.112 772.728
870.202 836.75
868.237 828.759
868.503 818.895
884.981 842.824
878.829 832.908
870.329 824.979
792.637 720.275
796.667 726.772
804.93 736.197
894.004 772.427
885.629 767.81
873.51 764.904
931.72 848.65
927.141 840.781
918.016 829.249
795.586 808.474
803.386 811.71
812.201 811.947
887.579 846.934
879.662 841.216
865.326 836.33
885.158 819.374
883.277 821.581
878.543 823.105
893.303 851.029
892.766 845.753
892.307 842.388
840.431 732.711
844.226 740.12
847.917 749.482
815.961 781.356
821.229 778.904
824.529 773.315
874.615 806.392
867.033 802.541
857.553 793.623
948.75 871.491
940.412 861.901
927.96 853.392
836.531 735.918
841.274 743.904
847.839 748.984
908.92 837.632
904.765 828.9
894.872 818.501
838.862 741.863
843.779 746.835
852.295 757.188
926.934 823.625
919.04 817.001
906.803 808.142
827.172 768.481
836.315 770.573
847.012 776.649
848.215 759.834
848.804 765.756
847.037 773.489
915.308 792.566
910.705 792.28
904.966 790.435
831.192 752.789
838.975 755.034
848.929 761.703
872.765 720.333
870.762 725.497
865.637 731.812
878.149 794.499
875.057 787.163
873.416 778.36
893.738 811.556
889.177 805.314
882.652 794.005
933.332 757.488
928.442 758.189
924.451 764.441
916.427 839.338
915.566 831.99
916.773 824.6
854.405 769.362
862.081 776.317
871.803 784.028
832.674 732.721
836.769 737.798
843.359 745.907
906.581 847.67
903.436 838.056
894.042 828.608
817.335 750.202
822.682 755.174
827.938 762.152
962.695 846.435
954.388 842.182
939.304 831.695
854.102 780.655
861.603 783.871
872.758 789.708
901.514 827.495
896.793 818.805
889.685 811.031
912.116 777.801
909.482 779.927
907.18 785.332
864.064 786.034
868.764 783.049
877.635 783.9
937.924 853.545
930.836 846.098
922.417 837.612
862.615 751.889
866.13 758.113
873.861 766.759
819.541 731.581
822.875 736.416
833.707 743.658
898.173 808.327
893.221 802.567
884.379 792.511
967.146 863.546
957.097 858.284
947.507 847.222
839.892 780.41
845.217 782.481
858.009 787.045
885.145 802.82
879.173 801.792
868.461 793.174
967.502 887.479
957.513 879.124
943.15 865.594
876.739 793.411
883.759 799.092
891.551 809.299
854.735 847.526
855.954 843.287
859.598 839.405
934.672 897.31
925.206 890.522
912.109 880.169
1019.13 889.954
1008.07 890.709
994.023 889.442
854.482 783.596
861.926 789.986
874.903 796.72
920.14 768.64
915.547 773.582
905.947 776.735
881.577 783.027
889.418 780.404
897.597 779.878
927.766 826.695
923.139 820.853
919.051 808.591
903.673 790.499
906.053 796.855
916.293 805.414
804.677 770.779
811.646 773.442
820.367 776.081
882.604 796.446
875.862 794.127
868.534 791.212
883.25 903.98
880.073 896.304
876.691 884.232
878.974 783.27
878.178 791.513
877.634 802.157
902.221 783.382
897.355 786.105
892.218 792.89
878.486 795.838
884.452 792.901
893.026 792.903
825.188 732.222
830.092 736.307
838.57 745.654
863.076 754.676
855.609 752.073
847.34 749.528
864.155 791.32
860.555 784.832
856.494 776.523
945.984 861.859
936.934 853.669
923.946 842.518
905.246 817.308
911.778 825.637
919.623 837.989
899.227 822.035
904.315 828.561
915.464 835.788
858.152 758.597
861.945 764.226
869.317 775.427
946.516 774.642
941.749 775.331
930.818 775.189
958.215 852.968
957.491 847.45
953.809 835.723
903.531 801.45
908.347 804.819
919.583 812.893
817.983 789.212
825.647 790.17
834.618 792.947
886.331 837.289
878.83 830.783
868.315 822.427
830.628 819.664
838.361 820.052
850.533 821.378
932.114 836.983
924.23 835.275
910.439 832.59
848.261 759.973
853.547 766.016
863.063 776.895
843.492 771.966
845.09 771.285
847.618 773.752
904.216 826.985
897.19 819.938
890.708 813.167
860.81 779.754
865.058 784.68
872.45 793.383
872.406 788.203
872.147 794.611
873.353 799.796
836.018 731.582
839.821 738.402
846.241 747.582
877.821 834.555
876.036 829.357
871.17 815.362
864.206 798.995
866.235 805.069
869.923 812.21
911.175 784.439
905.787 787.211
897.471 792.432
882.151 811.786
885.211 805.053
892.197 800.486
859.613 783.509
868.014 788.433
880.641 794.661
826.32 732.98
832.461 739.87
836.16 747.071
876.878 785.26
870.465 780.694
863.07 772.469
906.026 815.773
899.512 810.592
889.802 799.138
