900
987.46 970.143
988.705 971.316
992.373 973.927
866.217 958.935
881.235 959.598
908.089 962.832
1299.6 1273.31
1252.69 1237.13
1196.54 1189.74
933.903 907.265
948.112 920.491
970.162 944.925
1324.99 1330.44
1270.77 1269.76
1203.79 1200.88
771.927 739.99
783.311 748.865
801.1 769.007
906.311 904.665
890.366 885.986
870.293 856.978
1089.58 1062.15
1057.75 1030.7
1012.84 987.662
804.531 947.908
823.095 949.238
854.709 956.273
940.165 784.189
935.442 794.349
928.207 808.219
735.921 1009.81
744.089 999.595
758.463 984.454
1026.69 1019.94
1000.56 1015.83
961.099 1011.06
970.709 968.026
967.884 989.266
960.163 1019.44
917.912 880.18
923.943 897.834
932.74 927.966
1021.04 733.18
1014.23 743.608
1005.98 762.903
1001.05 924.716
998.872 907.399
1001.29 879.229
913.389 917.79
925.674 909.844
951.185 900.749
890.833 884.129
912.449 888.796
940.463 899.063
890.762 882.144
902.444 888.468
925.657 893.177
858.198 809.658
865.248 822.458
880.553 842.317
799.692 821.012
814.136 825.865
836.124 828.264
796.405 942.275
798.701 932.639
803.731 920.156
790.897 886.823
787.875 891.088
791.943 893.399
1332.85 1329.3
1269.03 1277.71
1181.99 1207.05
718.713 945.693
731.154 953.005
751.558 962.357
825.386 744.581
824.849 753.724
821.018 764.725
909.502 904.359
899.437 888.309
883.41 863.901
973.225 786.628
961.911 796.783
944.076 813.167
896.705 829.767
906.852 827.861
916.505 822.196
949.952 950.032
944.477 926.677
933.978 892.952
793.893 925.856
799.319 923.392
809.323 920.439
915.031 903.482
902.324 904.703
886.419 908.53
849.982 973.516
856.496 959.437
868.486 937.983
744.234 763.246
754.602 774.711
767.075 794.104
782.715 960.89
781.434 942.193
777.964 913.363
830.656 821.505
826.155 833.122
816.024 847.001
1096.13 1168.99
1063.63 1130.33
1018.75 1079.34
772.772 770.319
781.689 779.412
791.047 791.308
819.936 1063.29
816.336 1039.65
816.778 1007.89
942.3 993.279
926.632 996.522
904.528 997.981
955.966 886.136
949.661 901.715
940.806 921.591
1209.76 978.077
1173.09 971.622
1123.5 962.69
1052.85 730.586
1058.32 751.982
1067.57 780.908
855.123 949.219
868.648 937.007
890.612 920.271
917.942 763.044
912.335 781.974
909.552 811.663
883.836 939.871
884.786 930.13
887.259 922.466
995.755 1277.24
980.374 1230.31
961.39 1170.99
925.883 964.71
928.73 980.646
931.227 1002.83
1229.12 1237.98
1187.77 1203.95
1135.33 1163.86
965.874 941.033
979.926 959.895
1003.88 990.242
783.275 925.818
792.236 927.647
805.049 933.076
820.986 1122.5
819.727 1097.81
817.116 1063.02
1032.39 1030.45
1011.05 1032.62
979.061 1039.46
1016.07 968.631
1004.94 987.164
992.671 1014.46
950.041 975.73
955.688 979.98
958.244 982.468
768.242 768.508
779.129 779.049
791.651 792.673
1074.6 1148.26
1045.25 1111.69
1009.34 1066.88
777.869 950.787
784.698 953.359
794.335 956.623
744.211 786.55
748.512 800.497
754.388 820.205
947.424 912.603
929.733 903.551
902.049 891.303
1008.89 841.146
994.816 849.596
970.495 859.311
850.093 1205.76
859.939 1177.45
874.433 1137.75
741.651 844.888
751.395 867.057
769.296 902.716
1055.65 1028.35
1020.32 1014.77
969.6 992.572
823.084 752.796
829.263 760.902
838.885 779.145
923.505 924.791
909.307 901.7
890.238 869.737
1004.21 1072.01
988.238 1048.34
971.862 1014.05
826.392 916.533
851.18 932.291
893.452 962.916
1489.4 1333.81
1436.23 1303.74
1360.39 1254.26
716.196 855.703
727.796 864.62
750.189 878.155
904.835 900.26
885.704 898.238
860.031 892.375
806.317 856.538
815.999 863.448
832.726 873.965
768.042 771.918
771.275 775.504
779.528 787.079
929.682 913.069
911.899 897.08
885.6 876.626
892.327 882.764
886.678 875.974
878.95 869.364
916.064 894.091
895.105 880.329
865.276 859.96
892.796 895.674
879.692 876.592
858.741 850.639
1089.21 1088.51
1058.68 1053.74
1015.38 1009.55
775.933 798.444
785.513 805.499
800.888 818.763
1008.98 1043.98
984.254 1018.44
950.892 983.305
912.102 913.415
924.58 934.399
943.051 969.435
1011.35 1239.87
1006.64 1207.87
994.739 1167.54
914.476 937.533
923.368 958.607
933.342 991.25
924.443 999.499
935.519 989.099
951.901 975.599
965.425 776.822
962.827 785.277
961.297 802.333
879.11 949.046
886.015 935.145
896.486 917.166
828.463 953.334
834.937 949.449
846.142 944.044
1064.38 1209.79
1031.68 1171.98
990.759 1120.84
766.514 700.143
772.088 711.317
782.097 727.798
1004.2 1004.91
984.818 980.484
957.813 946.508
1051.45 1259.85
1040.81 1223.11
1026.79 1175.55
848.075 973.411
871.474 999.343
908.815 1041.79
808.574 801.374
810.65 809.41
818.309 823.73
725.581 741.836
735.013 749.867
750.978 765.938
905.503 747.645
895.674 749.521
879.4 749.898
879.668 854.382
879.744 841.034
879.676 818.727
901.598 911.039
898.02 896.705
893.93 875.615
971.662 949.761
964.947 946.146
956.533 935.491
941.263 863.807
945.764 878.926
950.796 902.279
1465.29 1389.72
1406.52 1332.73
1334.1 1261.69
855.016 794.917
872.098 812.854
902.512 841.152
1356.33 1429.13
1295.35 1350.37
1218.71 1253.2
1133.32 907.223
1135.14 914.788
1137.09 930.965
918.837 905.62
934.877 909.007
962.41 910.214
924.777 933.722
938.405 926.538
951.91 916.829
730.458 708.646
740.241 717.787
753.959 731.773
1269.5 971.113
1222.99 949.243
1161.95 920.622
963.995 799.065
987.42 814.492
1025.68 835.545
948.585 949.165
958.047 934.846
971.826 913.911
864.479 969.047
867.34 966.408
875.226 962.903
828.653 790.061
832.43 801.102
838.367 822.306
900.107 890.452
890.938 881.56
881.592 867.047
1027.54 1337.69
1012.62 1282.64
991.109 1213.14
991.879 883.186
991.27 891.418
988.085 905.444
1384.56 1437.83
1334.14 1369.68
1269.79 1282.55
1297.11 1134.61
1293.08 1164.36
1283.98 1205.98
916.352 890.442
939.873 908.462
971.752 936.215
776.471 847.916
790.591 853.916
812.409 863.401
893.546 867.463
876.539 867.188
852.899 865.403
1061.46 917.236
1037.75 912.051
1006.69 902.985
1097.4 960.46
1084.92 951.321
1060.15 939.02
767.212 867.532
787.071 870.827
813.145 877.15
893.298 1284.06
884.18 1235.26
870.618 1167.77
995.818 878.934
989.989 889.842
986.407 903.853
989.254 1107.8
990.728 1082.65
986.48 1049.46
1093.64 887.819
1083.05 899.342
1074.37 916.62
1103.42 808.398
1100.1 822.403
1093.55 842.858
797.982 856.537
815.227 854.463
838.488 853.209
920.705 863.056
901.327 860.674
875.626 859.257
847.418 1002.21
849.19 992.92
851.88 975.809
923.256 1285.27
915.783 1243.48
900.232 1188.37
912.646 912.477
912.409 929.946
911.821 960.567
948.898 915.518
939.466 926.14
926.741 942.797
854.425 859.826
864.415 871.549
878.204 886.823
1306.31 1103.63
1243.44 1069.75
1164.99 1029.44
864.323 867.094
880.764 875.521
908.6 894.268
1168.59 1060.26
1146.22 1046.56
1117.94 1028.04
795.218 779.632
805.069 787.229
825.919 802.725
825.196 689.714
829.404 701.793
826.708 717.77
1041.27 1093.41
1016.34 1049.92
985.133 995.855
956.317 967.437
958.302 972.98
963.43 973.603
936.735 883.47
937.798 888.366
939.676 902.119
1072.42 1097.58
1048.6 1063.2
1018.17 1016.41
1155.6 1266.99
1137.4 1229.27
1107.72 1181.96
972.497 983.619
981.163 996.642
996.444 1019.21
883.101 870.889
897.612 886.612
920 916.865
918.954 791.562
916.838 798.072
915.578 811.047
1011.08 910.38
996.907 895.925
975.689 871.175
806.64 908.03
820.507 906.34
841.852 901.805
885.321 916.225
864.396 910.618
835.754 898.795
1043.74 1160.16
1011.3 1121.59
968.677 1070.18
986.057 975.684
984.235 996.365
977.479 1031.89
835.673 1054.41
844.218 1054.05
860.143 1050.5
902.082 1141.57
897.676 1126.92
888.221 1105.8
930.054 906.662
926.381 919.698
921.428 945.934
830.622 817.576
841.462 831.633
856.191 855.555
843.736 893.513
848.606 882.656
854.72 866.934
938.014 713.604
933.2 726.249
920.819 743.034
883.452 875.713
888.876 860.722
895.946 837.12
822.846 827.704
834.788 827.707
854.047 831.619
931.862 942.672
918.922 923.529
901.338 898.048
1061.67 1139.92
1050.26 1121.84
1030.15 1093.1
657.989 849.025
674.173 859.606
691.321 871.602
842.27 762.083
830.027 768.833
816.174 779.96
911.696 911.815
896.725 890.476
874.658 860.564
833.643 728.101
834.34 739.939
841.118 757.405
1042.81 886.568
1018.71 870.082
979.634 846.418
817.683 794.639
823.007 797.956
837.588 802.274
816.416 812.497
822.675 809.869
830.123 804.195
797.887 1003.13
802.009 984.666
806.984 959.806
767.067 830.061
767.314 832.349
769.402 836.465
764.911 925.934
764.281 914.728
766.292 901.577
934.926 902.093
913.256 901.14
887.184 898.076
885.278 896.174
887.216 900.334
890.004 910.151
1080.12 917.453
1051.69 917.047
1013.3 915.07
826.615 914.468
841.566 915.239
861.599 913.679
877.739 956.881
877.856 950.925
875.219 943.025
927.914 802.356
921.447 817.605
915.312 835.535
859.833 842.612
865.81 839.11
881.244 838.974
1105.77 1066.75
1077.54 1035.41
1037.62 997.593
1175.53 1007.56
1155.19 1008.49
1123.67 1002.38
866.191 892.861
884.9 899.81
913.493 913.603
1053.43 1141.41
1029.89 1104.19
999.506 1054.04
1304.32 1104.76
1265.84 1095.08
1211.94 1086.08
722.727 801.591
738.942 811.502
767.047 829.238
841.897 789.143
841.87 789.054
833.884 792.39
957.523 822.468
940.699 815.889
910.831 810.172
859.575 869.507
868.478 861.056
877.447 849.408
895.814 753.591
894.18 767.355
889.707 786.086
1138.13 1055.34
1108.29 1018.63
1065.04 972.545
1008.95 855.873
1014.53 868.331
1022.86 889.639
1206.22 1145.79
1180.04 1109.69
1146.42 1060.49
1068.28 859.118
1076.63 875.458
1085.7 900.973
937.636 900.333
960.322 899.709
991.711 900.784
913.851 959.341
921.023 952.455
937.675 943.788
867.617 930.822
879.223 932.724
899.658 936.422
736.404 901.106
748.247 902.194
770.515 908.965
816.697 718.577
814.345 727.238
811.341 740.232
1052.68 809.145
1022.01 800
987.313 786.837
1004.4 912.009
1000.38 900.625
999.552 885.346
839.784 908.384
847.758 906.137
856.533 907.279
888.703 818.78
884.304 828.321
880.735 841.117
1068.88 1016.43
1041.93 989.32
1005.53 956.13
873.804 878.209
888.35 886.958
917.411 903.24
921.536 917.193
919.857 911.901
915.843 907.203
729.963 804.569
746.034 811.027
766.277 825.079
1060.87 1171.14
1020.83 1125.77
973.363 1067.86
849.026 1079.17
855.093 1075.27
863.15 1075.42
1230.62 1011.74
1202.08 1017.09
1160.57 1022.65
741.941 869.264
751.565 874.257
769.03 879.477
837.623 830.933
828.207 835.929
811.68 848.191
908.799 868.232
892.808 862.719
865.83 857.665
832.256 811.635
836.974 823.5
848.507 836.164
895.213 896.775
883.331 882.776
868.302 861.821
924.445 1050.45
917.642 1021.12
904.053 983.118
966.674 1065.28
944.954 1036.39
915.301 999.753
729.295 778.137
736.315 785.368
749.694 800.273
958.621 868.713
935.422 861.545
904.856 852.721
1074.52 1037.58
1054.03 1014.09
1024.83 983.328
745.809 985.586
758.82 985.535
778.626 985.641
948.423 1040.37
926.216 1031.78
893.793 1021.92
991.405 1032.79
981.795 1030.89
965.976 1029.66
925.07 1013.08
929.083 1013.86
937.532 1017.78
797.011 766.62
804.391 778.208
813.396 795.909
800.114 921.107
798.95 906.362
804.375 885.467
914.557 950.555
894.577 938.333
869.826 923.459
1163.21 1123.59
1126.02 1095.29
1069.41 1058.71
823.774 808.469
834.315 815.725
846.526 830.685
1063.53 1076.33
1037.28 1044.95
1000.8 1004.82
846.746 831.259
854.667 840.54
872.508 856.366
1046.58 968.453
1024.48 954.104
996.448 938.87
790.144 847.634
805.053 854.045
832.54 866.227
841.565 835.383
838.236 845.212
831.955 860.498
1070.47 955.183
1050.11 948.048
1019.11 934.924
827.521 849.868
842.943 856.737
869.885 867.73
879.5 757.548
879.704 768.661
875.764 789.611
906.818 902.684
902.953 887.425
896.309 868.008
946.891 940.402
935.352 922.692
916.958 898.006
1053.82 830.728
1043.62 836.025
1030.26 845.454
1027.12 1019.61
1026.59 1001.32
1027.13 976.383
853.933 861.522
870.194 872.307
892.323 887.619
822.689 807.029
828.109 814.225
837.428 826.177
971.654 1007.63
957.163 985.22
938.932 958.02
804.506 855.84
810.705 859.738
820.365 868.226
1270.75 1122.62
1224.96 1098.64
1163.28 1062.23
889.269 915.205
907.308 924.011
935.736 938.884
992.856 994.905
984.483 984.855
969.295 971.825
899.498 774.239
905.774 789.665
913.396 814.141
865.648 877.515
872.241 867.829
882.478 856.756
1152.34 1108.09
1114.12 1073.61
1065.94 1026.89
868.83 818.369
879.198 831.876
897.397 850.461
787.582 806.976
796.389 811.078
815.022 819.149
1012.22 980.987
988.87 960.563
954.524 932.34
1219.5 1091.98
1185.65 1068.95
1136.9 1039.29
824.887 884.019
840.63 891.521
864.18 905.004
926.602 920.156
909.265 913.732
884.874 909.212
1256.26 1197.15
1203.95 1156.93
1136.4 1104.79
903.467 894.835
917.989 911.753
944.576 933.469
974.409 1194.88
974.399 1176.63
969.12 1146.5
1313.79 1441.18
1256.86 1392.84
1184.74 1330.3
1484.78 1206.46
1459.91 1219.92
1415.22 1235.29
869.861 900.444
884.123 910.171
912.262 926.721
966.741 800.864
961.193 816.506
953.047 836.75
919.164 876.816
926.765 867.737
938.421 851.967
1020.39 938.712
1005.11 921.863
986.599 899.647
924.854 845.837
946.342 863.674
980.614 892.833
699.1 816.804
716.457 821.568
738.434 827.333
903.843 888.873
884.576 881.022
853.379 868.428
1051.28 1410.42
1029.16 1356.53
1001.41 1279.83
908.325 877.714
912.889 897.203
920.645 929.095
973.997 878.592
963.057 887.166
948.793 902.952
912.065 907.004
926.774 904.186
951.518 903.805
774.662 775.646
785.851 783.766
806.22 800.453
827.667 784.956
821.984 786.398
815.296 790.988
893.94 924.663
882.203 903.69
866.029 876.503
1103.63 1053.82
1073.27 1031.24
1033.65 1000.87
971.347 940.775
987.937 957.458
1013.71 986.2
968.455 972.637
984.307 977.111
1008.57 983.012
855.463 829.543
866.302 837.272
881.943 854.251
1111.43 883.722
1093.51 880.916
1064.82 877.148
1145 1021.31
1134.91 1004.17
1124.12 984.749
1015.6 954.423
1024.18 957.767
1044.85 963.44
777.279 907.751
793.932 912.644
817.837 918.161
942.57 1018.92
920.268 1002.81
891.782 979.839
802.421 982.293
821.844 981.192
847.888 980.653
1071.82 1004.01
1041.87 999.882
1000.48 994.885
834.691 831.875
847.528 840.421
863.994 860.683
904.949 947.089
903.846 941.83
898.582 929.104
1006.39 1001.78
994.456 994.148
977.172 982.12
859.374 867.069
877.316 884.387
903.274 912.073
894.706 891.147
901.74 910.079
919.731 941.679
811.33 784.513
817.725 796.017
830.164 815.705
937.339 1031.19
924.227 1007.06
907.005 970.108
857.814 903.473
872.812 923.02
893.339 952.463
994.985 879.233
982.308 889.044
966.994 900.052
929.028 954.501
935.989 941.502
952.764 923.469
870.809 888.403
890.006 898.014
918.701 910.07
758.357 754.722
767.365 768.386
789.571 784.708
904.936 885.636
886.042 868.364
860.153 845.046
999.458 961.466
972.95 940.816
940.32 912.652
