494.237 574.98 494.157
483.315 562.273 483.236
466.932 543.214 466.856
512.019 443.424 409.309
504.729 459.557 418.613
493.795 483.758 432.569
483.702 476.433 334.528
485.744 477.915 354.368
488.808 480.139 384.128
499.045 493.798 464.596
496.556 490.477 445.031
492.823 485.495 415.684
583.237 512.394 672.281
576.623 510.426 653.509
566.701 507.474 625.352
337.257 586.444 292.215
348.391 582.612 308.381
365.093 576.863 332.63
602.112 401.509 743.236
592.734 408.447 726.991
578.668 418.854 702.622
446.309 427.713 485.016
456.696 427.018 502.093
472.277 425.975 527.708
537.421 541.241 528.067
527.58 523.829 528.013
512.82 497.712 527.932
450.756 514.762 492.105
467.607 510.133 501.832
492.883 503.189 516.423
405.796 501.487 413.206
418.693 501.739 428.491
438.037 502.117 451.418
494.033 469.258 542.596
484.028 475.129 526.304
469.019 483.936 501.866
427.456 581.31 593.584
433.391 567.407 580.488
442.292 546.552 560.845
529.124 743.279 328.816
523.634 730.842 343.485
515.4 712.186 365.489
489.809 550.534 477.368
492.391 566.842 466.081
496.263 591.304 449.151
524.43 490.119 566.522
520.853 502.968 551.618
515.488 522.24 529.262
484.277 342.133 567.076
487.622 361.431 563.024
492.638 390.377 556.947
552.088 402.9 666.123
542.571 400.895 648.647
528.297 397.888 622.432
350.873 299.506 388.906
362.344 305.867 404.004
379.55 315.408 426.651
502.489 506.294 450.335
491.718 489.571 448.26
475.562 464.485 445.148
447.943 471.623 578.35
451.998 470.575 558.793
458.08 469.003 529.459
499.408 501.364 507.825
484.849 489.964 515.446
463.011 472.864 526.878
500.794 502.296 508.39
486.075 490.83 515.592
463.996 473.631 526.396
580.227 591.903 310.08
571.698 583.225 325.953
558.905 570.207 349.762
430.676 322.194 454.864
439.273 338.821 447.818
452.168 363.761 437.249
496.704 492.959 352.43
491.166 476.894 362.977
482.859 452.796 378.797
222.19 501.1 596.737
237.381 498.285 584.036
260.168 494.063 564.985
406.782 672.852 463.595
395.168 658.689 471.627
377.746 637.444 483.675
528.144 471.661 628.542
516.863 484.096 617.675
499.94 502.75 601.375
427.49 570.856 450.571
435.512 563.315 467.268
447.544 552.004 492.314
517.115 505.376 522.208
501.468 515.863 515.484
477.998 531.593 505.399
507.443 483.754 486.537
497.505 499.9 492.903
482.598 524.12 502.453
626.667 456.11 436.751
609.947 464.003 444.376
584.867 475.842 455.814
354.531 315.412 437.716
370.908 326.819 439.003
395.474 343.929 440.933
637.108 395.313 557.734
619.423 391.553 549.185
592.895 385.911 536.362
460.697 549.621 357.722
470.275 537.759 370.666
484.643 519.966 390.081
511.207 520.694 494.764
506.288 520.559 475.379
498.909 520.357 446.301
557.924 477.556 492.164
544.22 487.495 481.514
523.664 502.403 465.539
500.459 510.502 632.621
503.207 509.543 612.834
507.329 508.104 583.154
505.122 502.828 503.134
505.672 504.143 523.083
506.498 506.116 553.007
434.482 626.41 551.424
444.754 609.251 551.65
460.163 583.513 551.988
459.259 427.918 298.204
459.32 438.371 315.255
459.411 454.052 340.83
498.137 503.346 453.313
492.122 495.69 435.843
483.1 484.205 409.637
394.731 389.765 274.567
404.182 399.865 289.013
418.358 415.015 310.681
625.398 393.091 565.6
612.818 394.424 550.109
593.946 396.422 526.874
508.384 524.096 366.541
516.089 512.599 380.979
527.646 495.353 402.636
474.876 436.706 366.479
487.037 450.221 374.812
505.279 470.495 387.311
504.617 503.861 472.627
504.762 496.577 454.001
504.978 485.65 426.062
641.081 634.574 381.275
627.91 620.161 385.609
608.152 598.543 392.111
495.353 492.526 498.036
507.38 503.83 486.742
525.421 520.786 469.8
537.81 470.664 514.831
534.193 485.296 501.685
528.768 507.244 481.967
483.769 628.158 588.359
489.15 613.697 575.635
497.223 592.005 556.548
491.091 592.446 448.748
492.227 592.365 468.716
493.931 592.242 498.667
528.288 490.596 505.314
521.896 509.507 504.077
512.308 537.873 502.222
399.477 703.715 413.568
409.767 688.59 421.653
425.202 665.904 433.78
523.579 508.265 524.231
514.058 523.521 515.477
499.777 546.404 502.347
488.043 618.313 249.75
488.936 612.843 268.967
490.275 604.637 297.792
472.851 510.53 333.182
476.266 528.975 326.245
481.389 556.643 315.84
504.557 445.33 385.259
501.078 462.041 374.837
495.861 487.109 359.204
583.131 644.733 424.131
574.017 628.272 417.351
560.347 603.581 407.18
757.171 416.718 535.097
744.051 429.174 526.57
724.371 447.858 513.78
505.19 458.93 490.964
525.057 457.926 493.032
554.858 456.421 496.134
558.378 450.154 684.068
558.003 450.82 664.082
557.442 451.82 634.104
488.4 502.026 507.274
497.432 495.458 523.866
510.98 485.606 548.753
533.524 509.776 489.679
526.863 502.635 507.133
516.872 491.923 533.313
501.932 492.524 411.16
504.36 492.426 431.012
508.002 492.28 460.79
577.212 391.408 450.192
565.939 407.838 451.918
549.03 432.483 454.508
499.41 503.479 436.518
510.628 487.428 440.585
527.454 463.353 446.686
559.655 587.482 397.901
554.961 569.388 405.012
547.92 542.246 415.679
376.836 446.064 419.156
394.267 455.864 418.802
420.413 470.563 418.271
529.041 493.519 646.942
520.495 491.713 628.95
507.675 489.004 601.963
472.88 468.285 310.961
475.249 469.696 330.77
478.801 471.811 360.484
396.186 404.367 364.195
411.669 417.007 363.5
434.895 435.968 362.457
567.993 537.275 515.512
556.252 528.339 502.01
538.641 514.934 481.758
493.855 427.628 783.578
496.677 433.129 764.557
500.911 441.382 736.027
530.358 451.857 436.187
528.404 451.162 456.079
525.474 450.12 485.917
320.2 626.63 461.244
335.302 613.644 463.059
357.955 594.165 465.782
639.709 502.624 262.085
624.035 507.716 273.417
600.525 515.355 290.414
510.8 516.279 245.468
528.681 516.095 254.425
555.503 515.819 267.861
708.909 480.247 367.072
692.425 484.069 356.411
667.698 489.803 340.42
528.49 254.02 531.461
536.829 268.144 520.016
549.338 289.331 502.85
622.423 504.066 506.632
615.979 485.135 506.298
606.315 456.739 505.798
601.551 486.705 228.905
601.893 484.554 248.786
602.406 481.326 278.608
495.901 497.769 394.063
509.388 495.687 379.442
529.619 492.563 357.511
498.36 494.66 630.653
500.634 494.507 610.783
504.045 494.278 580.978
399.788 456.269 459.033
412.435 460.88 473.825
431.404 467.796 496.013
470.018 545.916 532.807
461.854 529.399 525.027
449.607 504.623 513.358
410.718 291.496 351.25
413.592 307.249 363.232
417.904 330.879 381.206
529.817 503.427 733.406
524.329 494.965 716.135
516.097 482.273 690.228
509.458 468.061 632.771
511.688 472.834 652.065
515.032 479.992 681.005
554.782 605.169 668.817
548.754 586.188 670.665
539.713 557.718 673.437
610.058 488.059 229.599
606.964 491.123 249.119
602.323 495.718 278.399
485.591 387.853 541.611
493.184 394.869 524.491
504.573 405.393 498.81
263.097 385.95 630.989
280.597 387.359 621.409
306.847 389.472 607.041
499.053 526.961 228.888
490.433 520.794 245.849
477.502 511.545 271.29
418.996 492.245 211.543
432.63 496.742 225.466
453.082 503.489 246.352
557.498 445.421 624.062
552.227 448.353 604.993
544.32 452.75 576.39
492.112 494.792 548.67
506.506 483.201 556.313
528.099 465.813 567.778
723.746 606.281 569.466
707.5 594.617 569.326
683.131 577.121 569.116
508.093 496.365 476.26
524.454 503.913 484.939
548.996 515.236 497.958
557.615 643.745 313.641
556.848 632.315 330.035
555.698 615.169 354.626
456.406 571.952 765.012
461.085 573.988 745.674
468.103 577.043 716.667
666.159 528.979 400.45
655.63 531.534 417.261
639.836 535.367 442.478
653.25 415.832 655.23
652.152 425.613 637.82
650.506 440.286 611.705
446.31 471.654 628.473
466.013 468.628 626.855
495.568 464.087 624.428
462.811 508.061 659.071
472.912 494.501 648.389
488.063 474.162 632.365
498.622 663.068 638.855
497.507 643.111 638.169
495.833 613.176 637.141
584.307 590.021 409.555
577.093 591.91 428.113
566.271 594.742 455.95
433.27 470.122 578.787
445.372 481.462 567.609
463.526 498.471 550.843
447.192 536.112 521.699
453.683 521.154 533.281
463.419 498.717 550.653
469.4 462.207 382.376
468.706 466.445 401.909
467.664 472.802 431.209
427.678 546.789 721.343
430.326 541.891 702.133
434.297 534.543 673.32
506.658 576.367 781.918
496.097 570.263 766.069
480.256 561.107 742.294
419.725 552.731 504.97
424.665 553.414 524.338
432.075 554.44 553.39
506.903 517.843 492.051
492.436 524.918 503.91
470.735 535.532 521.699
484.261 276.619 689.121
483.385 293.397 678.272
482.07 318.565 661.997
504.993 511.355 460.097
503.357 497.59 474.513
500.901 476.941 496.137
505.794 525.419 658.008
505.215 519.684 638.857
504.347 511.08 610.13
441.213 538.606 656.989
456.37 531.997 645.738
479.107 522.084 628.863
426.492 768.95 426.953
429.747 753.676 439.446
434.631 730.763 458.186
648.378 634.043 636.77
633.879 640.604 624.657
612.131 650.445 606.486
518.276 459.751 777.978
525.149 473.716 765.419
535.459 494.664 746.581
546.353 392.378 515.058
545.493 400.453 533.336
544.203 412.565 560.751
507.498 524.433 436.003
511.778 511.39 450.548
518.197 491.825 472.366
310.167 392.713 695.557
323.137 398.892 681.642
342.591 408.161 660.77
469.551 452.288 470.866
458.637 448.494 487.19
442.267 442.804 511.677
675.454 546.909 283.606
661.832 540.828 296.929
641.401 531.706 316.912
497.946 497.796 499.871
510.158 500.683 484.297
528.475 505.013 460.936
452.302 422.728 465.589
465.877 437.392 464.76
486.239 459.388 463.516
508.758 531.797 388.24
504.543 518.244 402.33
498.22 497.913 423.465
574.321 535.586 744.706
569.74 533.318 725.37
562.869 529.917 696.366
362.016 510.079 493.863
376.066 511.467 508.029
397.141 513.548 529.277
510.42 636.021 344.17
501.328 626.191 359.026
487.69 611.447 381.311
505.496 484.743 522.828
503.629 498.025 507.993
500.829 517.949 485.74
453.992 562.266 379.617
461.535 555.128 396.71
472.851 544.422 422.348
365.294 439.163 448.095
379.384 452.952 444.722
400.518 473.634 439.663
569.999 457.578 446.604
550.104 459.463 445.789
520.263 462.29 444.567
477.752 675.603 269.715
480.799 660.316 282.246
485.369 637.386 301.042
363.424 573.999 277.806
380.921 583.094 281.14
407.167 596.737 286.141
492.632 541.079 661.427
488.237 543.942 642.127
481.644 548.235 613.177
343.899 678.724 552.053
357.719 665.632 558.185
378.449 645.994 567.384
447.998 637.001 509.921
432.656 638.985 522.597
409.643 641.96 541.611
494.526 531.624 421.252
485.301 543.615 434.333
471.464 561.602 453.954
779.977 599.191 459.674
760.127 596.772 459.306
730.353 593.145 458.754
356.381 617.498 432.932
376.291 616.202 434.307
406.157 614.257 436.369
373.242 530.268 580.105
377.121 540.167 563.165
382.94 555.015 537.755
498.791 498.176 502.23
481.48 506.669 507.538
455.513 519.409 515.501
484.82 533.021 633.909
480.045 530.803 614.615
472.881 527.476 585.673
438.328 378.726 664.618
442.348 396.031 655.433
448.378 421.99 641.656
467.438 529.892 515.871
465.153 516.955 530.951
461.725 497.55 553.572
499.334 498.898 505.253
487.053 498.458 521.032
468.631 497.798 544.701
391.383 374.628 453.341
400.381 388.974 463.982
413.877 410.494 479.944
510.319 449.397 464.455
491.974 441.996 467.401
464.456 430.896 471.821
520.722 541.44 540.578
512.788 525.851 530.882
500.885 502.467 516.337
409.592 440.169 319.684
417.686 445.692 337.119
429.827 453.977 363.272
488.221 521.603 510.859
481.452 513.763 493.75
471.298 502.004 468.086
557.127 339.7 663.875
550.731 351.794 649.286
541.138 369.935 627.403
471.656 469.03 493.649
479.36 458.042 508.479
490.916 441.562 530.724
491.114 528.757 490.677
491.072 510.583 499.024
491.01 483.321 511.545
498.871 505.522 328.193
498.021 503.12 348.03
496.745 499.517 377.786
601.266 470.975 414.154
582.976 475.97 407.789
555.54 483.462 398.243
498.705 503.849 499.126
508.373 500.381 481.965
522.875 495.179 456.224
526.86 457.789 561.441
526.147 464.482 542.608
525.077 474.521 514.358
507.452 493.768 499.905
519.268 480.865 509.594
536.992 461.509 524.128
510.893 507.872 518.564
520.651 490.538 520.644
535.287 464.537 523.764
502.53 496.74 555.553
514.258 485.211 544.172
531.85 467.917 527.1
516.741 487.244 410.239
519.272 484.007 429.812
523.068 479.151 459.172
309.95 480.345 536.313
328.756 480.24 529.506
356.964 480.082 519.296
461.466 490.661 419.731
447.025 489.199 433.49
425.363 487.006 454.128
509.6 492.024 304.957
499.77 491.438 322.364
485.025 490.56 348.476
502.728 501.925 494.976
500.336 500.39 475.179
496.747 498.086 445.484
570.267 617.054 673.552
564.771 608.16 656.502
556.527 594.819 630.928
603.721 594.598 659.905
586.677 594.678 649.44
561.112 594.798 633.743
510.612 496.111 411.68
514.681 504.064 429.574
520.785 515.992 456.416
500.009 497.158 277.87
502.308 499.242 297.627
505.757 502.369 327.264
458.865 612.972 458.39
464.139 600.533 443.643
472.049 581.875 421.523
474.087 498.045 515.604
473.763 511.348 500.674
473.278 531.303 478.278
425.845 299.333 347.135
429.35 316.474 356.825
434.607 342.185 371.361
501.299 501.391 617.952
496.868 490.812 601.567
490.221 474.945 576.99
424.932 615.357 263.261
428.665 607.33 281.195
434.263 595.29 308.097
524.047 520.562 269.812
509.439 532.72 276.041
487.528 550.957 285.384
498.862 496.547 487.593
497.781 501.736 468.308
496.16 509.52 439.381
439.605 610.682 294.653
445.706 599.77 310.264
454.856 583.402 333.681
465.63 520.214 482.326
464.299 528.02 463.961
462.302 539.731 436.413
444.207 414.934 694.178
445.468 423.632 676.213
447.36 436.679 649.265
637.514 572.514 536.144
622.865 562.05 544.858
600.893 546.354 557.93
510.248 483.365 372.572
518.651 489.205 389.755
531.256 497.964 415.531
501.047 504.912 476.293
509.905 502.875 458.477
523.191 499.819 431.754
496.587 600.437 267.023
499.317 590.11 283.931
503.413 574.618 309.293
385.649 436.662 759.4
390.502 442.348 740.849
397.782 450.876 713.024
471.168 505.344 533.338
463.888 499.941 551.165
452.967 491.835 577.905
445.635 425.106 355.653
446.267 430.855 374.799
447.214 439.477 403.517
277.922 576.717 512.812
291.809 565.458 503.846
312.641 548.571 490.397
508.822 549.089 576.292
490.501 549.041 568.271
463.02 548.968 556.238
618.376 573.175 458.555
601.59 570.56 469.109
576.412 566.637 484.941
545.935 490.588 612.07
549.965 500.644 595.258
556.01 515.729 570.041
401.337 583.826 323.413
411.684 579.27 339.911
427.204 572.437 364.658
479.1 424.308 590.681
475.328 435.074 574.254
469.67 451.223 549.613
459.315 537.342 388.8
460.449 527.916 406.402
462.149 513.776 432.806
441.214 557.446 508.553
445.871 547.731 491.703
452.857 533.159 466.427
387.343 337.836 495.747
393.64 356.609 492.929
403.084 384.768 488.702
596.37 552.561 707.124
584.881 542.587 694.142
567.649 527.627 674.668
505.586 507.466 522.771
513.095 509.905 541.147
524.357 513.563 568.711
519.694 493.07 565.411
524.077 512.335 568.513
530.653 541.234 573.166
549.039 497.582 528.446
543.394 510.984 542.176
534.927 531.087 562.771
345.074 624.027 405.686
359.492 616.969 417.615
381.119 606.382 435.509
786.582 524.867 560.661
767.815 528.64 554.869
739.664 534.299 546.179
499.91 501.55 558.069
519.702 504.253 557.088
549.39 508.309 555.615
541.461 529.313 272.332
542.019 527.834 292.269
542.856 525.617 322.176
498.264 508.288 695.916
500.631 509.208 676.078
504.182 510.587 646.32
529.833 330.243 565.561
527.258 348.345 573.667
523.396 375.497 585.826
500.178 465.158 418.041
502.601 455.801 435.55
506.235 441.766 461.815
541.398 448.875 377.157
533.749 447.329 395.571
522.276 445.01 423.194
583.865 487.995 624.013
578.12 483.985 605.28
569.502 477.97 577.181
582.631 540.257 502.761
579.95 527.537 517.96
575.928 508.456 540.757
498.044 494.545 500.977
515.634 497.687 509.961
542.019 502.399 523.438
420.096 235.54 425.765
427.982 252.8 432.082
439.81 278.69 441.558
491.888 465.028 431.476
486.512 445.792 432.517
478.448 416.939 434.078
445.775 435.358 496.716
454.726 430.312 479.557
468.151 422.743 453.819
561.331 485.005 481.697
545.193 474.222 476.869
520.987 458.048 469.626
490.521 521.144 654.553
493.602 514.763 635.85
498.224 505.191 607.796
470.279 503.276 568.937
481.946 504.076 585.161
499.448 505.275 609.498
500.686 501.297 375.819
500.58 501.637 395.816
500.421 502.148 425.811
625.748 564.526 662.447
616.631 559.988 645.234
602.956 553.182 619.413
369.503 381.514 515.852
384.675 392.671 522.583
407.435 409.407 532.679
578.644 705.013 297.29
570.39 690.762 308.638
558.009 669.385 325.66
567.747 608.37 724.242
567.264 611.396 704.478
566.54 615.934 674.832
605.864 419.796 538.016
602.619 435.982 549.306
597.751 460.261 566.242
578.889 446.794 435.672
581.733 448.825 455.364
586.001 451.872 484.903
531.776 518.657 529.036
542.993 504.842 519.907
559.818 484.12 506.213
490.793 345.532 303.506
496.205 356.399 319.4
504.324 372.699 343.242
547.063 493.061 291.818
540.855 475.578 299.288
531.542 449.353 310.492
466.902 488.18 231.207
478.718 481.083 245.699
496.441 470.438 267.438
499.322 499.516 592.654
499.146 497.735 572.734
498.881 495.064 542.854
319.842 578.002 586.476
337.561 569.794 582.159
364.141 557.481 575.683
572.31 501.057 240.691
561.861 503.889 257.507
546.186 508.138 282.731
517.484 464.634 481.881
520.273 468.86 462.533
524.456 475.2 433.51
500.276 500.069 500.285
506.703 493.459 482.536
516.343 483.544 455.914
527.261 524.853 352.031
525.317 517.498 370.528
522.401 506.465 398.273
536.502 553.753 433.525
531.852 538.158 421.899
524.876 514.765 404.46
504.024 496.628 409.657
518.855 509.527 405.961
541.1 528.876 400.416
594.966 511.539 382.293
576.835 517.374 388.393
549.639 526.128 397.543
648.707 585.618 430.341
632.213 575.713 424.88
607.471 560.855 416.689
675.862 669.433 603.304
669.822 659.844 586.824
660.763 645.462 562.104
344.407 550.833 529.869
363.478 556.537 531.812
392.084 565.094 534.727
487.745 493.175 422.607
476.079 501.946 436.281
458.579 515.102 456.791
429.419 415.218 573.438
433.15 427.998 558.513
438.747 447.168 536.126
280.063 548.509 425.092
294.583 539.237 435.252
316.361 525.328 450.491
520.053 510.494 499.235
500.651 511.907 494.592
471.547 514.027 487.627
491.314 498.211 550.341
485.468 502.888 531.795
476.7 509.904 503.976
474.575 540.32 459.446
475.363 529.048 475.948
476.544 512.14 500.702
534.424 432.297 780.068
530.516 437.687 761.208
524.655 445.772 732.919
567.944 464.229 439.532
565.03 462.987 459.279
560.66 461.123 488.9
609.524 487.693 522.172
594.446 479.494 511.905
571.828 467.196 496.505
565.704 388.817 748.655
566.168 394.752 729.562
566.863 403.655 700.921
527.259 538.778 270.141
529.007 532.815 289.152
531.628 523.871 317.667
495.135 505.779 497.878
499.085 507.738 478.37
505.011 510.675 449.108
502.999 507.755 519.908
503.566 508.579 499.933
504.418 509.815 469.971
524.955 504.219 680.916
523.018 504.747 661.017
520.112 505.539 631.169
579.99 560.515 328.786
576.166 557.003 348.1
570.429 551.736 377.072
568.016 438.455 442.214
568.385 455.79 432.245
568.939 481.792 417.293
453.634 537.175 295.805
466.706 530.897 309.578
486.314 521.479 330.237
491.806 476.26 543.504
491.302 480.407 523.945
490.547 486.628 494.607
473.794 432.902 581.581
477.028 443.275 564.79
481.88 458.833 539.603
497.254 504.624 331.162
495.817 500.343 350.646
493.661 493.923 379.872
505.042 499.749 516.591
503.384 498.901 496.678
500.898 497.628 466.808
328.262 694.956 601.921
339.968 681.575 592.76
357.527 661.505 579.017
605.935 315.73 487.713
594.526 331.612 491.907
577.411 355.434 498.198
507.47 460.998 699.4
513.354 452.117 682.474
522.18 438.796 657.084
434.495 544.203 460.587
441.814 535.404 476.988
452.792 522.207 501.591
730.043 576.834 517.142
710.45 572.973 516.043
681.06 567.183 514.395
483.648 476.507 763.395
495.596 481.995 748.324
513.518 490.227 725.718
296.727 624.113 329.72
305.934 618.427 346.539
319.746 609.897 371.768
616.298 425.512 637.744
602.786 433.913 625.626
582.519 446.514 607.448
508.167 492.7 363.256
513.9 489.139 382.083
522.499 483.798 410.323
415.617 493.328 227.36
425.695 492.429 244.611
440.812 491.081 270.489
487.449 235.422 421.415
484.345 252.436 411.371
479.69 277.957 396.305
500.338 501.885 502.854
498.678 483.887 494.29
496.189 456.891 481.445
489.133 713.207 569.45
489.653 694.297 562.958
490.434 665.933 553.219
487.78 463.134 544.221
488.042 483.112 545.107
488.434 513.08 546.437
645.621 472.028 600.201
627.25 476.826 593.917
599.694 484.023 584.492
419.325 627.749 407.77
431.741 617.856 419.935
450.364 603.016 438.181
531.032 410.642 298.288
524.609 425.96 309.427
514.973 448.937 326.136
525.816 396.951 459.209
524.303 404.208 440.633
522.032 415.093 412.77
529.69 493.367 665.938
529.112 487.461 646.838
528.246 478.604 618.189
470.065 544.975 583.983
482.358 530.952 591.21
500.797 509.917 602.051
474.807 420.472 562.059
479.935 438.12 569.949
487.627 464.591 581.785
506.813 496.711 498.023
502.63 489.708 516.284
496.356 479.205 543.676
492.487 503.303 492.704
493.856 494.774 510.743
495.91 481.982 537.801
496.469 443.426 713.571
496.407 447.712 694.036
496.314 454.139 664.733
438.528 465.889 616.665
453.719 462.8 629.302
476.506 458.167 648.257
577.019 472.313 740.149
562.337 470.247 726.727
540.314 467.147 706.592
588.711 537.675 685.285
577.73 521.673 690.119
561.26 497.671 697.371
480.152 497.467 569.779
490.881 497.494 586.657
506.975 497.534 611.975
399.963 597.733 533.426
412.832 585.683 542.872
432.135 567.61 557.04
333.341 335.913 547.599
341.18 354.298 548.348
352.939 381.874 549.472
456.414 477.969 633.087
443.804 466.258 622.897
424.888 448.692 607.612
494.341 494.253 446.304
486.685 489.231 464.086
475.201 481.698 490.757
400.199 509.631 442.132
416.217 503.665 452.517
440.244 494.717 468.094
540.409 585.692 452.25
525.704 572.336 454.576
503.647 552.303 458.065
