880.525 790.328
884.953 791.526
886.209 798.022
835.161 784.744
841.44 786.128
850.847 789.029
970.395 900.928
960.761 892.319
951.195 880.997
881.743 788.806
886.615 795.276
894.863 805.343
968.066 905.985
959.704 898.41
950.102 883.514
840.223 736.668
845.662 742.569
854.788 754.585
877.507 797.895
874.868 789.691
868.509 783.474
932.616 850.395
923.789 844.733
913.517 832.528
856.491 831.3
860.884 832.546
870.578 830.335
908.593 756.271
906.302 763.119
901.741 767.424
789.374 814.269
795.511 812.529
804.194 809.299
914.417 836.696
904.12 834.99
891.089 829.657
898.313 819.029
893.669 823.637
889.282 833.061
883.797 783.97
884.083 792.837
883.899 802.467
952.067 735.631
945.588 741.26
939.463 749.966
904.878 797.708
908.064 794.059
914.831 784.675
879.313 800.49
886.236 799.437
894.016 792.908
875.818 791.341
880.272 791.407
891.867 795.051
866.597 780.454
874.366 782.905
885.023 787.465
859.349 748.607
863.742 756.362
868.781 765.859
830.022 750.3
836.678 752.337
847.339 758.091
799.055 774.999
801.104 774.017
808.733 770.471
872.578 834.623
869.704 831.67
862.57 823.578
970.552 908.301
962.506 903.405
951.164 892.723
795.066 803.873
801.264 809.919
812.781 815.827
846.266 710.177
845.522 715.878
843.816 725.678
880.344 795.704
874.428 787.814
869.707 776.038
922.296 759.706
914.582 761.244
905.198 763.868
895.169 786.344
897.808 782.525
898.647 778.172
891.556 814.657
894.727 808.518
894.715 798.586
802.424 769.056
807.453 769.37
814.006 773.118
879.173 794.918
874.393 791.61
863.044 789.002
846.321 812.927
851.142 808.196
853.578 802.519
811.029 726.439
815.18 733.625
818.382 741.445
817.316 804.892
816.921 798.854
817.567 790.406
845.935 750.763
843.385 756.535
835.499 764.004
920.289 873.97
912.612 863.231
902.778 853.274
814.095 716.969
815.993 721.651
822.522 732.844
811.073 822.099
810.698 813.374
813.282 804.922
883.002 820.763
873.764 821.505
862.424 816.803
892.828 780.66
889.052 788.871
882.603 793.36
976.453 831.582
963.994 825.636
949.718 819.925
978.192 765.599
973.396 770.688
972.37 779.691
879.982 840.405
885.126 835.244
893.61 830.247
936.815 801.697
929.175 803.953
922.608 810.925
856.886 793.654
858.683 796.105
865.894 797.537
884.152 893.45
885.614 886.325
879.837 873.357
869.124 799.715
870.022 808.652
870.687 817.106
960.246 899.476
951.427 891.756
938.805 881.257
897.797 812.477
903.674 816.625
911.767 831.063
799.931 774.016
807.991 776.792
815.769 782.41
821.037 848.173
819.712 838.733
818.854 828.82
917.248 841.459
906.886 840.453
893.91 838.605
915.437 823.47
909.69 826.978
902.413 832.802
867.865 793.936
870.59 798.615
871.882 801.607
808.168 713.335
815.23 718.611
821.599 724.662
931.264 885.403
925.198 875.356
913.987 862.675
792.604 775.568
794.912 779.062
803.386 786.06
795.129 721.391
796.677 726.032
797.365 735.575
898.633 804.807
890.86 799.836
877.395 790.87
926.644 777.368
920.417 781.024
909.187 782.702
862.693 892.955
863.614 887.986
866.028 876.697
842.218 806.398
844.341 813.532
851.382 822.955
934.285 856.813
925.311 853.345
912.749 849.29
860.62 736.426
864.278 743.845
870.361 754.957
884.688 803.073
880.639 794.915
879.891 786.607
929.264 884.119
924.693 872.445
915.235 861.89
877.847 834.332
885.877 841.879
898.73 847.904
993.453 893.287
987.286 890.795
977.622 886.803
789.033 765.313
793.904 768.137
805.286 775.762
890.153 810.559
880.807 806.59
868.249 800.452
838.332 773.112
844.053 780.019
853.26 787.933
812.97 718.817
814.863 724.003
819.481 729.105
885.368 796.851
877.306 790.508
869.334 780.144
868.152 778.903
868.114 778.672
868.568 781.268
882.116 789.887
874.159 786.028
865.472 775.249
871.513 788.256
868.012 781.498
863.19 773.374
918.546 845.108
912.917 837.553
906.092 826.233
814.352 730.584
818.233 736.078
826.103 742.527
898.765 839.159
893.085 829.258
885.209 817.671
879.094 799.708
881.21 803.61
881.865 814.837
867.278 861.527
868.875 855.223
869.222 850.31
879.396 806.335
878.227 810.786
876.798 819.306
871.748 818.236
877.686 818.604
887.069 816.653
908.429 732.54
906.64 740.216
904.458 746.334
863.331 810.767
866.937 805.291
872.093 795.605
821.874 786.269
827.175 786.514
836.761 790.211
892.521 862.03
884.314 852.267
876.069 842.634
835.166 705.418
835.015 712.035
839.546 719.977
891.05 811.046
886.173 806.678
882.46 797.173
909.898 897.955
905.314 889.883
903.45 878.695
865.2 832.924
870.519 841.178
881.187 850.863
831.656 739.197
836.489 747.152
840.664 754.413
815.442 731.885
819.052 736.415
823.369 741.292
883.782 714.073
878.598 715.325
873.471 720.082
860.785 762.597
863.275 755.218
866.564 749.019
871.379 792.457
870.873 783.226
870.054 774.951
869.831 772.339
869.726 774.615
870.018 774.584
875.034 750.484
872.436 754.002
872.338 762.817
988.918 910.923
982.284 900.78
970.335 888.806
896.937 793.896
900.62 799.223
909.718 808.426
964.481 918.812
959.481 909.506
954.073 899.274
949.411 782.047
949.004 787.464
949.354 795.57
881.234 796.221
889.089 795.396
898.353 794.671
884.032 809.618
887.518 804.418
891.541 801.397
815.82 708.193
817.777 714.897
825.815 721.402
995.727 830.508
985.108 825.929
972.775 816.793
926.812 778.608
931.763 782.396
942.41 792.271
891.487 817.378
897.728 810.919
907.847 808.17
825.58 782.597
828.856 783.633
834.523 782.773
838.93 727.936
839.775 732.519
837.393 740.319
876.336 791.505
871.23 784.95
866.599 776.69
901.587 914.237
900.984 905.219
895.426 889.016
898.75 768.651
898.352 773.008
897.726 782.406
959.61 910.688
955.578 898.32
947.399 885.842
978.339 862.685
971.953 869.807
961.653 874.875
886.986 791.291
892.168 801.951
903.985 810.676
817.872 761.888
825.214 764.34
835.828 771.663
875.067 780.068
866.703 779.557
855.896 777.962
960.367 842.928
948.568 837.587
937.262 830.478
946.981 827.33
945.834 825.653
941.755 827.419
834.699 794.839
842.546 794.55
853.577 797.985
860.876 900.468
861.245 892.461
860.138 880.769
902.908 771.327
900.512 775.357
896.774 783.144
882.923 848.854
885.447 840.566
887.698 831.326
941.045 779.653
936.885 783.433
927.957 789.228
968.571 774.951
963.6 778.554
955.189 780.737
850.887 792.769
858.041 791.423
868.696 792.601
896.15 789.114
887.983 790.042
880.716 791.333
828.125 805.055
831.758 803.78
836.855 802.315
845.344 878.982
843.551 869.53
842.577 861.293
880.34 799.16
877.63 803.891
872.297 811.607
899.886 810.381
893.067 808.284
883.432 808.764
885.611 810.449
886.472 810.524
886.632 811.177
996.359 881.07
985.995 873.091
967.676 865.024
869.54 789.737
877.776 793.92
890.607 805.151
935.647 824.523
932.26 822.844
928.738 818.851
828.86 729.032
833.742 735.245
842.855 742.67
881.513 724.959
876.313 727.522
870.804 728.828
936.722 883.902
931.117 874.65
923.82 859.094
893.848 820.826
897.583 824.863
903.567 832.647
882.14 774.4
884.142 781.181
886.46 785.754
910.239 843.281
907.785 834.572
901.353 824.8
933.657 899.392
930.72 887.78
925.277 876.348
884.62 806.047
888.38 812.562
893.052 824.649
874.172 787.027
877.563 794.336
880.294 797.705
880.781 729.594
882.359 734.93
881.874 742.841
913.666 797.418
909.827 790.098
901.944 779.526
842.544 800.609
847.806 798.574
854.538 796.002
872.667 805.685
865.063 801.652
852.915 793.731
908.887 872.752
903.33 866.314
893.424 852.324
907.245 826.954
902.45 830.48
897.59 842.159
821.059 819.401
825.363 820.685
835.271 824.06
830.367 834.073
831.556 833.831
831.92 829.658
877.028 785.277
874.711 786.87
868.25 793.359
846.808 750.246
847.877 755.384
855.225 764.981
837.815 771.06
840.935 771.538
848.733 766.616
931.276 746.769
924.048 746.469
914.805 749.076
873.953 789.561
877.792 784.038
885.143 779.008
867.895 789.601
869.619 786.946
876.255 784.971
884.229 807.317
881.32 802.861
880.682 799.943
887.997 835.322
886.26 833.246
885.685 829.407
774.706 776.919
782.974 778.744
789.51 783.471
864.066 736.217
859.155 740.902
852.573 746.288
877.382 799.776
873.478 789.801
870.153 779.143
905.289 785.114
902.528 783.323
897.705 782.876
945.979 817.545
942.435 814.082
935.42 808.133
841.71 740.16
849.403 745.364
856.715 750.633
835.952 745.768
842.754 746.476
852.243 750.288
859.819 856.916
858.171 849.785
857.706 837.156
795.611 731.966
799.153 734.885
802.764 742.787
814.207 796.107
813.395 790.888
812.096 782.464
890.686 800.976
884.211 799.263
871.273 794.068
869.631 791.55
872.423 795.376
877.118 802.608
947.158 816.903
938.578 815.512
924.05 811.186
838.819 785.479
843.159 789.262
855.758 791.34
842.727 787.939
843.528 789.189
846.1 789.636
908.636 775.838
902.291 776.871
894.034 778.392
854.886 760.966
863.738 763.013
870.184 767.963
920.822 832.528
916.492 825.43
908.886 816.533
946.138 812.612
939.741 812.934
932.485 813.57
859.112 786.914
865.285 787.669
874.515 791.526
904.764 860.676
900.95 852.2
896.788 837.19
995.479 878.202
984.784 875.161
967.683 867.744
837.888 792.652
846.571 796.131
858.529 800.616
849.123 731.151
850.815 735.859
849.479 740.199
901.567 752.702
892.211 751.589
882.021 748.609
859.135 778.962
863.86 774.731
867.665 767.477
898.107 748.413
894.96 749.97
886.754 752.426
950.622 853.404
945.483 846.203
935.199 831.014
920.576 777.625
922.07 785.888
925.236 794.309
962.094 884.746
960.255 874.951
956.014 862.445
949.626 794.816
948.91 798.059
950.328 808.393
894.449 800.64
901.829 801.979
917.207 802.227
863.813 801.783
871.304 802.957
882.256 803.947
867.691 811.856
871.615 812.241
873.916 808.283
841.662 829.026
847.325 827.112
849.846 825.906
862.343 722.154
862.516 728.927
859.791 737.634
976.1 817.857
964.871 809.958
949.861 799.379
914.418 802.02
917.569 800.441
921.131 801.362
822.322 759.808
826.918 762.493
833.879 763.623
879.263 761.713
871.838 762.879
866.524 762.206
924.095 831.467
917.795 823.257
908.57 813.295
858.229 774.804
865.019 779.44
875.481 789.254
883.735 801.569
882.051 798.343
877.243 791.555
821.777 767.581
826.465 771.47
833.969 771.566
927.359 893.166
920.952 883.298
909.835 867.341
818.814 819.865
823.998 820.908
829.577 826.219
987.888 858.177
976.614 856.512
961.848 853.156
792.234 761.689
798.975 763.709
810.49 769.106
847.713 754.148
843.525 758.785
832.119 761.091
881.672 780.84
873.662 776.085
860.654 773.42
844.865 744.905
847.978 751.83
853.007 760.186
872.337 791.753
866.355 782.742
860.846 772.292
870.25 835.959
867.789 829.004
868.73 818.092
884.711 841.91
879.701 832.442
871.005 823.038
792.469 722.884
795.759 726.018
802.132 735.619
893.147 773.14
884.487 769.55
874.368 766.034
930.868 849.644
926.196 841.569
917.29 831.308
795.424 807.583
803.199 808.267
812.723 810.612
887.683 843.498
880.017 840.124
866.72 835.031
885.693 819.982
884.273 819.88
879.156 823.956
895.817 850.76
892.019 847.836
890.164 841.652
840.475 732.484
844.479 740.677
847.114 750.194
816.455 779.679
820.291 778.014
825.606 771.853
873.816 807.408
869.612 803.444
854.82 794.359
949.597 869.431
942.178 863.206
927.643 851.865
840.713 736.515
842.273 740.174
848.652 751.379
909.079 837.76
904.456 830.589
896.031 819.455
841.194 742.972
844.371 747.275
852.662 758.134
925.665 825.05
917.979 818.417
909.513 807.631
828.06 765.816
835.841 771.204
846.904 779.422
851.245 759.903
849.941 766.118
846.881 774.17
915.397 792.86
912.392 788.587
905.022 788.753
833.738 752.416
839.446 757.405
849.486 760.519
873.628 718.893
870.424 726.475
865.604 733.609
876.089 796.069
876.259 788.953
875.117 777.107
892.919 814.61
889.849 804.413
882.938 793.332
933.778 758.394
931.115 757.451
924.864 763.723
914.586 841.404
915.49 835.712
916.621 823.146
854.959 773.243
860.151 778.255
870.792 786.758
835.265 733.236
837.051 737.893
843.42 745.859
907.713 846.144
901.824 837.65
896.833 826.162
819.371 751.544
824.25 755.991
827.12 761.653
962.417 848.391
952.325 841.567
940.285 834.108
854.453 777.728
862.249 784.168
871.312 791.151
899.431 825.5
895.199 819.864
888.199 811.04
910.438 777.66
910.362 782.573
905.587 785.649
863.497 783.882
869.749 784.061
877.92 783.041
937.016 853.768
931.065 846.504
924.149 834.158
863.444 748.866
866.406 757.14
872.774 765.274
818.14 732.989
822.97 738.197
835.344 744.989
901.566 806.193
894.872 802.575
884.204 792.194
968.257 863.897
959.432 856.853
948.97 847.532
839.408 779.346
844.057 782.179
855.129 787.812
884.648 805.308
879.154 799.768
867.365 794.92
966.298 888.238
956.97 881.216
944.721 868.04
877.678 793.524
882.191 800.112
891.821 809.335
854.111 845.69
857.266 842.818
860.789 841.47
934.152 896.729
926.146 889.574
912.142 880.623
1016.79 890.304
1008.4 890.586
995.139 887.985
854.623 784.075
862.127 789.168
874.192 797.023
922 769.865
915.139 772.79
905.945 777.274
880.205 781.853
886.839 780.489
896.576 779.088
928.925 828.743
924.082 819.904
918.643 809.635
904.446 789.628
910.411 797.644
915.436 805.094
804.187 770.61
811.376 773.133
820.974 776.751
883.738 796.357
877.487 792.958
866.858 791.173
881.399 904.989
880.434 897.108
878.457 886.461
879.685 784.676
878.737 789.626
879.457 801.307
903.883 784.325
900.596 787.865
891.034 792.275
880.379 793.737
884.435 793.435
893.011 790.41
825.262 732.707
831.352 736.061
839.283 744.624
860.471 753.997
856.203 751.755
848.224 748.548
862.516 792.164
862.439 783.87
856.431 775.835
945.797 861.966
937.319 853.416
924.698 841.329
906.73 817.311
910.285 825.504
919.52 837.632
899.677 826.062
905.913 829.346
918.651 832.555
857.257 759.222
865.591 763.636
870.318 774.296
948.831 776.631
941.2 774.749
932.045 775.326
958.118 852.019
955.068 845.275
953.665 835.311
903.825 802.261
909.623 805.988
919 811.121
818.392 788.494
823.564 790.905
836.627 792.005
885.659 837.007
880.418 831.482
867.958 820.803
833.573 819.919
839.745 819.795
849.664 819.241
934.224 837.885
921.773 834.398
909.348 831.386
849.019 758.522
854.48 764.694
861.219 773.009
843.079 772.825
847.597 773.102
847.105 772.142
902.625 824.012
898.655 819.436
890.739 812.339
859.86 779.379
865.974 785.847
873.284 792.243
869.992 788.466
872.071 794.121
873.895 801.889
836.812 733.857
840.485 737.809
843.31 747.278
880.609 835.841
874.126 827.877
872.112 816.872
863.794 801.811
864.97 803.934
868.232 811.239
910.613 783.857
907.032 788.305
900.118 794.096
881.717 811.265
886.601 807.577
891.384 798.521
860.719 784.115
869.163 788.47
880.299 795.17
825.463 733.932
830.627 739.335
837.52 745.949
876.578 786.158
871.697 781.99
862.196 771.54
906.009 817.818
900.54 810.07
888.873 798.949
