772.846 541.928 617.461
536.851 468.532 796.061
784.887 574.217 557.715
784.396 511.779 405.236
468.624 550.428 794.062
302.655 668.325 349.263
609.441 396.426 759.413
271.723 663.176 606.129
640.554 703.704 330.444
589.44 602.775 767.279
489.782 234.513 639.328
536.104 362.392 764.122
526.499 497.825 201.181
426.463 369.981 239.832
617.542 751.903 612.821
619.273 376.062 254.209
461.973 515.129 202.805
791.517 459.7 441.744
628.639 663.509 716.141
302.943 708.11 588.649
451.566 414.11 783.332
233.937 444.012 373.21
458.945 398.167 220.815
775.564 491.09 381.743
313.109 722.222 424.574
759.709 492.073 649.962
664.25 512.21 750.744
674.158 283.897 613.879
287.12 629.834 333.19
409.386 407.713 229.312
381.076 455.235 228.241
527.303 456.465 204.434
393.541 709.097 313.064
482.724 520.646 201.21
498.593 479.99 799.329
218.686 590.872 448.964
493.795 459.744 202.778
506.732 530.378 798.382
425.657 286.951 697.695
688.533 710.419 600.893
689.476 521.135 731.63
795.962 489.371 547.891
635.996 693.131 684.946
278.003 298.221 498.375
550.938 746.448 336.695
245.363 658.158 487.906
756.775 460.613 650.051
686.171 735.19 494.898
669.545 389.849 278.367
771.866 384.802 553.086
709.535 321.887 380.121
548.798 492.668 204.086
493.261 508.077 200.184
550.347 527.529 205.539
383.494 500.516 223.548
267.083 500.303 310.924
367.962 301.507 682.116
532.414 310.999 730.712
285.673 300.008 563.776
674.769 331.435 323.814
591.319 282.544 685.402
538.195 535.734 204.595
475.902 700.125 277.808
475.786 545.423 204.449
315.208 327.142 661.159
644.809 321.177 692.49
476.043 783.816 594.203
290.981 556.275 292.288
250.268 434.917 347.036
310.102 272.112 455.217
269.405 593.724 667.456
410.763 786.366 505.607
379.355 553.044 230.498
351.901 417.561 252.471
426.935 447.51 786.193
588.737 422.351 775.856
539.569 406.992 217.54
563.747 456.538 789.909
279.309 703.203 498.043
614.089 348.567 267.509
235.725 625.325 433.272
553.879 773.34 388.725
527.892 525.47 202.387
750.334 664.73 485.966
537.065 287.943 291.055
542.109 239.295 357.664
485.104 259.141 321.773
477.548 508.382 200.959
619.691 517.857 774.509
487.045 478.863 201.026
775.627 449.087 606.948
393.56 386.949 243.309
704.528 439.232 289.108
791.79 546.722 551.728
437.474 470.108 791.885
271.756 390.827 661.202
440.29 474.18 207.138
289.287 548.76 292.1
710.812 695.344 413.984
736.126 315.892 481.322
529.424 541.841 795.607
482.572 590.49 785.496
284.135 617.673 328.082
719.638 368.702 343.411
496.546 478.746 799.226
343.36 448.434 750.609
499.944 498.618 200.003
483.535 450.716 795.466
515.179 465.988 202.321
361.543 730.846 367.561
318.415 331.884 330.401
597.749 728.573 667.927
471.643 447.432 793.994
301.376 477.274 723.678
640.322 281.849 650.73
274.351 509.729 302.547
330.498 732.278 585.533
593.001 214.856 493.398
559.41 349.106 247.609
514.5 385.322 223.163
378.276 354.198 267.782
720.7 441.347 305.446
423.154 349.87 748.104
224.568 381.842 513.252
672.7 441.607 738.254
511.463 344.691 243.587
258.602 417.351 657.786
455.51 597.229 219.701
506.988 485.292 200.442
382.646 665.274 278.838
470.03 203.339 466.924
648.164 567.995 248.159
737.844 391.214 353.045
433.559 504.624 207.486
452.675 460.777 793.636
214.227 573.757 446.206
500.863 302.257 274.396
586.174 755.17 632.144
489.055 356.12 236.981
397.975 780.594 470.714
304.221 592.903 707.46
257.755 342.206 419.886
550.949 647.944 755.963
614.949 620.781 749.397
338.789 290.363 641.646
470.25 332.293 253.04
729.362 307.298 483.912
635.414 374.436 736.425
489.781 516.848 200.648
560.909 445.165 211.412
549.135 464.464 793.808
481.764 281.013 295.765
768.507 389.701 575.75
404.73 227.079 419.766
610.301 650.146 264.862
597.391 623.076 244.33
546.857 722.224 303.987
794.904 500.691 555.058
320.577 584.362 725.145
372.843 443.175 765.711
273.726 665.013 607.567
579.613 292.509 701.518
508.916 508.236 200.246
311.812 340.155 329.604
479.177 440.727 793.348
467.313 622.92 771.703
525.784 674.963 257.671
235.415 445.06 630.294
204.138 472.607 458.586
369.011 363.557 267.137
438.673 404.734 777.783
442.207 333.17 742.544
563.064 416.916 218.717
527.892 417.958 787.213
527.251 566.51 208.738
590.085 331.406 268.784
273.433 310.178 448.666
232.902 382.142 569.052
342.485 543.508 248.413
501.323 503.756 200.026
695.351 316.301 365.491
457.71 646.422 758.403
497.312 498.661 200.015
496.633 502.95 799.967
483.396 483.155 799.066
689.321 410.644 714.879
664.889 737.534 579.934
558.017 583.749 217.83
504.429 491.443 200.155
259.938 634.105 380.058
431.3 482.931 208.471
763.534 474.28 641.025
446.692 206.36 530.554
475.006 583.241 212.865
224.66 400.559 434.432
469.966 473.957 202.645
443.914 390.628 773.664
510.097 609.737 779.027
674.212 716.044 386.092
680.839 387.297 711.176
510.364 496.75 799.803
355.688 544.709 240.818
485.189 798.006 468.805
515.347 493.147 200.471
441.873 570.281 214.2
458.854 514.982 796.787
478.229 614.426 776.465
393.257 350.277 737.042
738.062 644.853 611.105
256.325 388.557 634.918
565.522 412.941 779.513
600.605 416.562 770.031
305.23 590.192 290.405
771.642 378.99 539.586
214.3 408.509 502.148
751.37 529.912 339.008
343.066 679.026 682.541
429.908 485.738 791.348
493.658 709.786 714.359
486.895 201.053 521.423
461.137 204.954 537.911
532.763 300.043 278.767
471.257 337.219 750.352
558.12 335.583 255.891
361.84 709.085 664.91
493.009 555.98 205.352
474.623 433.248 791.376
256.576 634.093 612.977
252.814 669.904 494.36
513.588 217.73 600.694
425.535 488.465 790.382
267.528 458.934 314.877
225.745 611.813 547.772
580.469 380.012 237.079
572.943 446.034 214.051
761.765 363.691 446.159
788.743 543.893 568.563
516.742 520.626 201.178
628.921 521.579 229.975
407.552 684.743 282.461
559.877 262.37 673.051
425.004 467.285 211.373
788.89 490.076 580.275
600.571 217.961 481.575
306.231 381.121 695.759
487.922 530.685 201.818
763.857 403.271 604.989
735.282 436.298 325.116
481.656 699.952 277.103
246.102 466.578 656.266
639.465 682.101 693.362
704.012 695.282 601.213
479.258 561.828 207.174
743.481 438.094 663.965
278.485 527.032 299.5
560.866 763.263 369.662
520.343 701.348 278.539
367.41 597.727 750.738
310.062 602.087 291.429
435.35 456.517 789.706
279.502 578.253 312.231
605.341 408.093 765.436
500.877 498.005 200.008
360.661 500.405 765.677
217.173 430.415 571.882
394.984 733.25 343.265
426.798 768.684 388.42
331.668 376.986 715.713
454.035 588.571 782.918
459.746 796.995 513.164
691.415 276.748 440.68
549.157 472.875 794.7
605.385 243.059 613.469
613.576 245.634 388.653
349.552 241.183 480.52
488.866 459.574 797.055
445.99 473.585 793.914
506.078 783.661 402.534
508.724 650.256 759.513
671.679 481.298 254.691
688.923 282.031 417.553
592.021 488.532 785.308
225.422 616.104 466.433
219.702 596.427 453.796
249.532 498.378 665.116
440.445 730.814 317.852
525.9 495.455 798.845
587.788 512.448 213.402
566.777 610.022 229.009
416.48 553.198 783.186
510.614 770.305 370.298
544.439 360.725 238.031
200.381 500.741 484.909
670.999 256.636 460.841
469.419 328.645 255.659
574.014 215.603 560.335
624.552 548.648 231.448
482.518 200.638 508.763
304.382 581.189 712.467
434.89 660.989 255.371
497.204 464.449 202.127
524.804 466.365 202.925
500.563 507.566 200.096
692.975 363.243 684.549
427.34 481.956 209.492
476.404 360.595 235.407
536.469 638.125 236.198
616.21 670.145 718.05
322.15 712.757 614.471
774.197 378.309 497.257
713.966 539.425 293.447
303.649 545.283 722.251
465.739 564.357 791.006
374.817 392.674 750.62
493.165 259.507 679.211
694.596 415.389 712.069
583.794 471.863 213.317
372.905 488.529 771.506
478.402 514.683 798.861
498.88 496.707 799.98
543.138 796.805 493.227
454.976 653.378 246.134
452.017 554.191 208.862
241.747 394.668 389.5
253.625 446.597 337.374
642.966 746.166 594.675
312.867 731.047 460.022
392.945 521.344 779.434
547.404 792.406 547.45
488.778 471.269 798.41
372.699 442.34 234.538
381.777 261.943 360.888
328.508 295.281 636.677
563.075 226.767 606.609
604.359 710.909 686.083
320.494 489.862 259.845
501.424 546.848 796.316
491.861 563.624 206.937
439.689 208.655 538.479
640.943 354.271 721.129
461.598 598.692 780.687
354.554 238.001 514.211
660.3 352.127 293.997
619.089 664.088 278.882
508.057 433.544 207.564
639.478 684.956 309.377
503.071 548.612 203.981
274.911 626.905 652.414
357.654 274.141 636.841
576.025 254.768 344.818
775.177 619.396 504.7
567.366 428.247 216.604
700.301 635.491 322.457
616.548 768.682 565.011
301.4 547.395 719.8
439.114 475.527 207.265
489.79 497.423 200.185
353.724 318.155 311.49
387.817 670.467 719.9
696.539 279.032 550.454
651.788 282.279 639.85
514.326 732.856 688.608
460.417 356.472 239.552
590.297 217.688 453.674
240.396 362.371 439.471
598.242 232.944 595.025
424.901 229.309 605.292
570.029 463.756 210.548
670.995 273.855 401.925
438.258 607.942 773.014
326.135 685.931 341.253
360.254 471.275 763.905
547.741 580.963 784.896
382.157 242.287 598.475
688.372 433.794 276.097
471.868 477.754 202.152
390.728 746.761 368.972
446.117 424.481 785.295
707.531 289.367 550.641
566.14 543.451 210.626
696.18 686.704 629.054
371.494 297.418 319.87
275.653 418.893 318.093
210.647 469.477 426.901
580.769 461.033 213.717
766.919 525.761 365.499
706.416 300.31 413.305
469.576 588.157 214.864
384.109 500.269 223.289
455.507 689.48 271.707
574.137 229.133 605.521
645.131 517.515 238.026
446.155 522.015 794.306
444.939 604.694 224.305
663.763 713.31 367.031
498.808 499.177 799.997
307.918 416.62 714.831
269.92 385.507 345.227
457.387 525.851 795.831
530.27 412.168 214.747
440.595 282.82 698.253
303.883 514.354 273.434
253.929 644.119 406.84
634.206 679.302 300.402
737.396 518.953 317.561
456.007 625.285 769.013
336.494 584.069 737.062
642.576 417.072 249.411
562.624 261.149 670.378
570.072 521.271 790.925
725.411 455.63 307.072
349.116 354.618 285.296
508.912 424.544 209.781
302.934 465.685 723.579
485.475 554.813 794.592
639.923 641.174 724.703
505.397 497.322 200.061
624.728 714.995 667.988
502.042 505.647 799.94
795.645 549.183 513.232
319.186 739.027 486.879
505.759 521.781 200.847
550.65 455.55 792.333
679.061 724.456 586.93
505.165 491.197 799.826
634.714 590.473 752.322
372.275 558.163 765.148
289.43 682.411 611.294
489.075 715.026 708.913
536.186 465.863 795.847
731.186 373.452 643.313
493.247 541.732 202.994
712.082 615.695 322.136
764.075 392.854 593.724
348.138 657.844 295.005
586.996 365.778 246.196
497.893 509.253 200.15
436.027 243.899 357.453
691.575 295.517 392.829
381.085 403.658 241.974
375.091 524.226 771.682
354.595 541.478 759.108
585.585 485.121 212.852
518.854 657.731 754.49
662.575 542.766 251.524
700.885 719.743 536.855
359.519 482.12 764.472
576.786 641.546 246.882
264.524 649.357 610.651
513.126 568.706 791.731
586.316 222.255 573.535
694.363 356.973 321.769
550.168 322.23 736.392
755.369 627.07 407.05
243.734 441.868 644.736
352.711 530.193 759.604
561.146 410.92 220.132
316.352 264.114 474.873
407.479 585.123 772.385
370.568 307.61 690.351
358.583 468.742 762.724
359.033 607.147 742.174
467.842 581.01 212.94
461.66 491.688 797.424
485.523 612.654 777.668
534.491 222.955 390.197
584.292 512.431 212.354
437.384 550.722 211.025
476.611 528.827 797.694
720.919 604.729 326.142
680.189 567.338 269.788
607.376 472.126 778.736
636.495 543.751 236.457
346.845 397.894 263.108
522.31 447.022 794.441
542.435 441.365 208.862
226.48 582.783 591.291
423.227 771.908 399.144
576.696 225.927 594.877
496.649 780.837 605.448
498.421 401.218 216.734
794.789 533.105 544.763
376.049 773.016 509.926
329.366 585.478 731.468
798.216 483.812 471.622
295.373 656.866 653.365
787.07 442.802 565.72
368.768 384.501 743.799
563.069 640.855 242.741
750.522 371.858 395.99
595.39 532.852 782.527
500.142 505.342 200.048
355.478 238.787 470.313
302.088 347.266 334.16
657.572 352.933 708.668
474.562 447.322 794.241
511.032 502.492 799.787
701.004 307.095 611.289
717.202 511.954 293.408
439.544 473.926 207.314
681.336 735.276 458.019
671.027 253.691 509.045
333.655 317.379 670.232
275.034 302.975 523.908
788.388 576.945 530.191
498.232 498.387 200.01
430.202 606.615 771.591
633.652 411.886 753.718
732.951 540.859 315.435
576.173 210.059 488.516
701.074 648.915 665.51
464.045 475.44 203.177
359.378 764.657 513.492
506.288 518.998 799.332
525.607 519.856 798.245
439.277 206.413 510.923
634.561 235.808 545.784
384.735 602.506 757.306
644.384 679.992 308.282
524.789 567.003 791.369
470.728 496.431 798.547
243.754 491.69 655.786
503.457 643.706 236.682
498.203 259.587 679.438
571.229 520.845 790.675
650.671 650.888 711.024
744.382 343.965 422.992
303.74 661.463 340.589
339.316 568.454 743.915
543.672 653.864 753.808
555.289 517.928 794.316
512.08 532.189 201.977
447.26 406.049 220.015
469.765 209.203 567.253
572.219 534.198 789.162
550.849 208.789 551.096
628.226 579.408 759.331
631.99 739.523 376.682
533.089 240.488 646.829
707.899 297.847 576.891
436.412 733.506 677.29
349.174 688.425 678.178
487.742 486.258 200.566
253.468 634.549 605.445
681.69 636.568 304.2
525.301 490.044 798.765
533.241 510.819 797.956
583.34 641.064 248.693
662.952 330.475 313.699
480.044 453.277 204.333
568.636 539.635 210.659
527.877 274.364 304.268
379.637 601.369 244.584
424.071 724.935 316.591
451.94 505.502 796.074
639.068 320.701 303.756
610.699 372.474 252.043
535.15 214.643 414.352
484.958 755.015 342.707
504.086 478.119 200.827
685.498 318.874 349.057
274.674 420.733 318.492
687.806 614.702 296.107
474.407 392.417 221.126
383.281 697.866 307.06
534.459 449.537 793.711
400.769 368.788 249.128
547.458 506.346 796.155
553.568 645.055 242.921
382.375 249.833 616.537
689.296 571.521 721.477
485.719 235.967 641.713
502.427 506.072 799.929
776.028 591.998 426.891
411.708 409.465 772.044
463.864 656.929 753.115
543.143 468.616 204.782
439.794 527.183 207.363
598.467 639.762 253.483
446.24 318.218 267.481
497.624 541.607 797.091
255.424 364.745 609.036
314.27 610.059 708.306
771.878 435.423 609.143
737.406 325.693 557.057
525.507 699.501 722.595
681.782 610.795 711.377
570.553 791.401 489.612
676.277 308.572 350.729
412.428 498.158 786.928
656.124 273.123 618.962
519.713 725.718 696.628
616.817 241.777 401.64
497.495 392.437 219.957
214.813 431.701 563.274
562.028 577.217 783.179
212.476 447.604 432.29
397.757 330.976 274.219
746.518 407.1 643.521
264.443 653.079 605.259
710.54 681.95 387.897
434.143 343.691 252.552
353.1 359.406 720.576
438.998 629.821 763.487
502.682 242.278 653.533
264.043 323.743 557.079
375.053 361.789 264.87
466.401 339.284 248.92
721.7 298.701 481.898
507.548 420.329 210.871
508.974 388.901 221.474
786.18 552.641 426.993
766.889 445.411 374.34
617.359 361.694 261.047
479.244 516.425 201.17
514.518 522.966 798.767
322.797 263.283 449.362
418.956 292.796 701.242
269.894 638.069 365.879
728.899 316.256 438.005
373.318 555.308 766.257
461.733 535.751 795.394
694.416 329.464 347.948
346.882 467.75 755.959
482.614 441.924 793.811
426.526 505.637 790.809
215.731 581.405 550.638
374.765 347.479 274.049
678.036 655.005 314.861
529.089 534.797 203.448
560.812 343.238 251.55
306.605 715.868 577.456
567.627 613.471 230.647
382.88 485.252 224.2
451.669 663.397 253.088
313.728 504.801 735.117
505.206 447.978 795.409
699.783 550.452 718.039
495.7 501.305 799.966
317.959 330.182 667.4
586.504 661.118 262.18
326.516 323.44 330.501
410.655 459.01 216.562
749.273 577.654 647.76
640.578 446.694 759.608
612.274 660.125 272.504
242.807 386.078 604.275
683.986 294.378 382.235
495.186 424.501 790.304
715.411 293.04 472.327
586.165 455.57 783.904
318.497 637.32 304.552
358.09 760.575 455.701
610.541 294.753 311.177
394.42 314.726 711.012
680.422 435.923 730.959
253.432 348.075 578.25
474.78 519.039 201.669
436.939 707.734 707.051
778.577 391.901 526.631
205.337 453.74 532.152
448.576 395.899 223.38
726.873 361.722 360.689
628.815 286.127 666.328
562.489 612.801 770.871
363.151 673.335 296.955
634.472 577.271 243.199
629.434 567.909 238.017
505.254 539.827 797.298
526.779 536.311 203.412
544.641 595.08 781.011
496.838 796.129 547.936
268.379 325.115 424.059
655.705 745.822 572.989
579.417 550.744 784.812
493.687 467.495 201.833
588.309 235.693 611.101
481.106 579.623 211.377
260.39 522.301 679.136
483.327 494.778 799.491
759.503 371.414 578.255
576.944 786.521 455.444
532.763 600.555 780.741
489.165 466.273 202.099
515.92 725.206 302.443
440.038 518.885 206.661
495.01 501.038 799.957
487.128 445.42 794.712
734.653 385.401 352.335
323.851 595.407 723.314
255.069 540.927 668.326
620.023 233.906 569.199
217.645 433.918 423.131
761.323 352.672 502.229
491.924 625.447 227.607
643.925 607.548 740.248
355.05 401.489 256.515
500.098 491.065 200.133
490.964 519.844 200.793
467.692 647.205 240.603
227.319 624.384 486.819
532.965 583.724 213.812
496.749 509.406 799.835
254.96 429.576 658.1
498.637 528.522 798.638
556.477 420.702 216.236
635.483 279.912 652.333
532.043 541.006 795.452
518.496 498.047 799.423
363.592 647.116 276.953
540.849 726.289 692.677
265.629 340.867 401.273
434.1 401.671 775.66
290.838 464.799 712.16
537.924 764.349 363.32
553.124 403.764 779.135
432.392 270.209 319.376
661.219 443.807 746.679
744.855 512.209 327.092
518.706 482.195 798.886
522.69 777.901 610.709
474.944 511.896 201.285
613.295 390.647 755.355
693.559 602.177 294.83
566.249 780.654 582.731
447.563 207.71 457.376
474.095 293.25 715.832
372.399 770.85 481.074
227.299 543.898 382.923
527.924 663.364 750.065
578.819 526.561 788.24
467.323 302.654 276.423
401.675 738.055 346.175
248.389 424.061 644.655
550.079 569.024 212.376
488.694 495.529 200.246
270.658 663.076 396.037
377.737 548.491 769.63
685.586 545.056 268.639
564.35 673.52 736.114
452.414 778.013 602.197
616.833 775.598 519.896
503.95 511.461 200.245
761.802 375.398 577.033
485.825 494.344 200.388
785.111 410.182 474.614
508.78 466.04 202.058
363.018 346.386 281.737
760.87 359.431 546.765
698.89 276.401 478.869
497.895 497.443 200.018
349.36 449.741 245.478
417.255 437.204 781.443
514.163 523.913 798.71
775.112 600.718 435.428
664.377 463.46 251.716
558.847 586.357 218.789
571.003 230.707 611.535
365.951 653.821 719.932
414.085 763.724 614.317
605.677 232.5 585.299
314.709 266.14 531.253
527.482 551.131 794.33
255.452 326.353 493.439
605.321 780.696 510.82
667.424 639.808 705.968
683.324 331.902 667.735
280.792 664.619 378.146
496.136 490.087 799.811
418.779 313.531 279.473
689.873 433.347 277.502
428.801 464.903 210.692
262.787 544.6 321.84
504.921 499.172 200.042
523.659 724.703 302.645
520.437 549.484 204.816
383.29 684.612 294.337
496.323 282.76 706.865
677.37 330.466 327.379
639.506 294.343 331.943
383.035 496.48 223.763
440.076 577.658 783.511
291.675 482.028 715.123
335.026 279.111 618.285
239.23 488.091 647.842
516.173 515.737 799.15
483.24 418.592 788.256
557.423 794.373 506.873
270.569 691.577 525.683
451.649 485.14 795.705
220.998 556.96 594.411
503.595 512.348 799.724
673.091 723.078 398.63
396.871 765.63 593.836
502.217 496.073 799.966
692.125 730.188 510.084
503.866 798.694 472.31
512.481 531.149 201.883
449.577 589.83 218.241
642.043 564.248 756.312
487.36 228.144 373.768
461.728 495.957 202.479
324.399 312.16 654.533
598.28 701.573 699.272
383.025 251.411 379.5
423.508 653.838 254.067
479.589 456.806 203.828
405.516 526.517 783.495
321.133 437.037 732.47
618.07 675.802 712.493
286.29 295.602 449.507
729.223 306.64 491.721
333.174 735.412 582.16
531.837 204.829 543.134
225.643 521.624 380.583
392.281 258.356 358.562
381.041 480.047 225.317
521.063 520.219 798.576
495.945 513.486 799.669
506.577 496.78 200.089
370.549 419.664 241.566
725.241 674.42 594.044
374.389 516.463 228.061
336.357 541.242 251.968
739.271 338.666 418.021
782.06 529.746 597.761
586.417 675.261 272.369
681.761 392.662 713.17
311.902 533.538 731.288
554.529 210.29 444.369
534.759 752.892 342.401
796.343 527.102 461.966
255.387 607.684 363.734
514.273 480.707 799.039
506.159 497.143 200.077
667.733 527.712 747.18
665.54 424.461 261.483
650.764 417.552 745.912
420.455 211.806 524.84
286.15 640.707 656.428
400.812 284.81 316.002
327.633 685.199 661.217
340.689 257.12 424.972
569.866 361.018 243.479
534.182 523.528 797.116
299.477 449.541 717.357
575.776 231.765 610.942
504.891 465.135 797.927
310.965 491.237 267.215
748.018 581.211 647.959
495.75 458.516 797.087
487.913 305.573 271.85
233.806 568.907 619.969
549.472 482.884 795.397
547.112 541.501 793.357
527.783 280.209 702.286
637.769 613.355 741.185
639.375 661.685 289.21
579.849 523.823 211.805
760.715 351.859 490.953
431.968 791.788 515.218
502.353 585.442 787.566
577.64 585.821 776.779
447.079 339.124 252.375
472.144 798.127 518.557
571.395 485.308 791.01
486.436 287.169 289.005
498.164 433.163 207.546
556.941 794.539 497.918
768.289 608.001 579.731
462.152 596.26 218.395
570.682 602.41 772.977
474.325 349.124 758.026
499.377 501.482 200.004
336.58 388.871 725.708
750.947 350.44 431.755
506.118 790.392 424.934
321.195 463.569 261.879
673.483 365.374 295.6
496.553 782.251 398.401
500.747 499.714 200.001
788.728 426.697 464.461
569.91 596.503 224.682
563.486 227.878 609.174
564.092 498.459 206.93
710.23 404.023 308.71
611.144 445.739 226.682
523.051 477.563 201.73
761.571 526.91 355.583
518.657 590.4 785.446
451.935 574.577 213.42
500.987 483.783 799.56
736.569 432.027 671.507
352.881 241.068 463.801
507.701 482.638 200.602
592.854 220.542 557.283
460.854 412.098 215.851
447.437 646.401 756.522
378.063 581.833 238.399
474.227 504.322 201.14
784.76 405.607 498.739
737.468 595.353 656.578
564.133 339.965 254.489
240.635 650.637 506.199
707.335 292.147 438.282
485.459 390.42 221.108
501.34 376.535 773.413
520.544 472.187 201.999
372.983 485.573 771.401
460.237 472.115 796.043
381.026 413.608 761.499
780.517 597.98 458.646
525.66 211.73 420.994
604.456 755.881 383.322
492.798 530.318 201.623
761.527 642.545 535.838
790.252 529.885 569.72
622.222 226.306 512.386
504.462 500.197 799.967
652.733 542.409 754.704
450.846 398.408 777.962
592.846 242.494 377.239
322.792 289.748 380.037
555.641 401.933 778.005
543.613 225.279 387.632
421.636 504.217 210.446
712.339 598.313 687.741
291.852 557.795 708.169
321.749 738.29 461.991
598.924 219.256 537.375
210.03 513.567 575.721
609.427 310.329 294.938
734.385 386.219 351.281
432.543 525.846 208.827
690.732 268.45 502.359
240.231 350.153 508.115
664.344 499.973 249.02
650.822 257.468 408.181
501.621 439.442 206.18
299.252 395.336 696.839
697.564 697.597 390.805
476.262 601.024 781.479
728.656 694.199 501.829
580.369 527.669 212.293
424.327 739.993 336.67
279.463 434.874 692.671
349.709 337.139 297.79
399.186 237.025 603.346
475.956 275.89 697.982
781.297 404.595 542.069
474.617 529.367 202.522
674.285 710.629 623.533
377.689 772.633 473.331
470.101 494.657 201.541
328.769 740.993 551.014
701.174 335.159 649.52
297.076 641.769 330.52
589.817 785.462 478.916
508.263 799.115 521.497
703.465 543.09 716.207
762.196 439.509 367.358
328.304 283.762 382.69
464.572 508.925 797.767
452.229 247.805 344.708
567.909 623.301 235.075
457.511 736.703 679.35
408.227 649.873 256.863
529.924 479.129 202.227
738.36 505.093 682.095
547.079 729.569 687.301
492.826 335.384 249.301
245.438 342.233 517.544
306.871 385.21 301.192
352.951 420.317 250.948
279.242 346.199 367.293
553.665 677.653 735.71
726.567 572.152 682.925
493.275 494.087 799.866
769.513 402.821 411.013
235.801 445.673 631.33
307.136 480.914 271.004
580.69 662.562 261.122
640.602 689.028 314.26
227.976 410.85 410.25
543.898 546.954 793.033
456.693 456.141 793.6
463.061 537.401 204.641
440.265 786.105 567.644
299.497 639.654 674.055
573.196 649.559 749.548
345.153 266.597 607.449
568.341 723.42 311.816
446.792 246.251 650.931
746.593 562.028 659.199
421.615 516.386 789.115
490.306 534.739 797.824
690.346 707.097 395.697
260.759 512.318 319.412
426.37 454.274 212.793
460.653 796.485 476.583
295.162 346.797 656.748
594.277 400.902 767.005
225.536 548.413 611.02
333.064 639.824 293.647
300.827 708.161 416.338
247.094 598.494 627.818
653.541 448.575 752.548
734.44 663.133 408.209
540.257 572.928 211.797
475.361 784.884 409.257
380.829 380.369 747.965
498.434 424.041 790.22
448.274 586.907 782.439
486.703 449.927 795.493
515.864 498.804 799.578
535.488 792.778 554.972
329.098 526.547 254.872
523.523 682.731 736.762
327.945 468.391 743.717
523.393 309.459 730.536
212.273 436.92 556.867
626.748 416.524 241.221
253.236 621.002 379.725
432.367 638.729 757.255
663.401 566.165 742.739
347.299 264.179 605.218
255.062 335.577 554.501
571.902 592.945 223.972
658.232 249.518 452.871
311.273 331.055 660.748
726.683 528.722 305.604
728.927 346.807 381.154
386.73 394.43 756.953
259.476 338.917 421.258
574.221 392.194 769.943
589.237 567.337 778.393
421.639 230.119 395.005
364.002 248.577 591.055
365.946 616.974 741.551
322.217 504.7 258.399
662.257 378.494 721.153
371.069 705.656 323.698
522.827 539.713 203.518
455.452 446.754 791.857
277.966 303.126 455.938
510.028 500.134 799.832
341.321 246.349 521.955
428.814 625.582 237.014
263.492 337.935 588.311
346.909 542.629 245.548
551.742 744.941 334.692
379.369 443.555 768.816
365.024 367.689 732.971
335.956 424.966 260.293
459.106 354.336 240.944
531.013 311.085 269.025
363.022 563.396 240.736
405.25 675.344 724.225
383.45 547.236 227.631
311.078 640.03 313.72
657.286 699.584 659.46
644.59 743.43 599.175
385.517 249.844 380.353
669.153 306.185 345.653
413.018 644.9 252.133
524.789 505.666 798.92
280.39 675.407 604.899
776.981 554.907 601.325
704.006 367.792 324.208
379.219 235.01 427.941
276.284 380.439 660.175
499.68 511.251 799.789
625.194 279.328 339.905
232.922 445.454 625.276
632.633 397.019 251.397
743.615 646.868 595.299
689.71 407.416 713.162
317.102 459.617 265.655
784.255 486.538 594.962
577.37 545.733 213.779
337.893 529.968 750.646
536.284 282.152 703.041
591.64 727.202 326.848
700.085 294.752 588.54
443.078 448.143 210.05
515.022 483.035 200.857
520.263 401.058 782.489
531.875 727.782 307.388
503.008 212.099 415.714
636.097 632.14 732.415
531.075 601.289 219.332
498.305 441.992 794.334
449.933 205.122 523.241
210.761 471.228 574.25
601.219 336.605 730.341
441.381 323.238 264.8
526.377 539.881 796.165
745.526 593.149 645.053
449.568 282.059 699.896
321.267 458.931 737.419
317.429 423.07 725.276
477.592 478.555 798.392
254.572 404.293 643.546
339.857 247.585 474.687
552.433 649.441 245.21
483.127 441.157 206.312
510.982 482.425 799.283
317.517 482.829 737.498
293.494 303.851 405.763
394.709 510.892 219.295
778.102 595.335 440.247
549.482 400.082 221.49
715.315 688.446 409.848
587.149 716.941 687.994
468.305 529.273 796.881
387.943 776.904 472.3
357.525 264.038 381.582
293.947 516.218 282.563
541.284 518.834 796.548
261.417 679.328 530.326
636.24 314.456 307.615
637.488 401.689 747.855
281.297 346.229 636.101
236.199 633.484 550.903
598.283 570.057 225.35
745.348 414.199 350.191
610.681 575.325 231.531
401.101 724.84 327.762
521.953 330.403 253.515
423.227 238.74 374.107
678.086 443.353 734.683
737.212 317.871 476.352
565.634 772.239 607.601
649.113 445.488 245.454
484.615 739.249 319.658
445.126 538.889 207.636
337.365 745.575 443.055
479.579 237.278 643.388
411.14 766.578 394.928
410.523 232.587 602.392
603.309 408.171 766.26
240.271 374.133 581.843
508.604 495.139 799.837
566.618 557.007 786.901
482.231 264.128 315.477
451.736 535.424 206.034
563.417 500.138 206.78
714.506 688.893 408.859
491.328 535.237 797.797
653.834 462.383 245.206
498.292 497.568 200.015
640.848 254.144 401.427
491.989 250.908 332.999
301.65 291.858 585.64
727.366 322.981 416.52
602.652 476.479 219.092
294.5 309.515 607.169
364.379 600.05 251.813
641.247 533.015 237.399
495.717 799.927 494.932
659.404 742.321 576.621
349.456 712.31 649.201
246.374 481.24 340.871
662.184 638.617 710.907
679.814 563.1 731.701
497.048 387.37 221.961
723.462 685.211 575.905
533.654 470.583 203.349
678.241 677.633 663.331
711.114 498.686 713.141
716.489 292.385 505.342
457.953 394.589 222.294
778.6 609.071 522.03
712.26 392.404 682.671
634.541 764.683 457.085
484.79 489.154 200.582
577.114 554.779 784.697
574.562 784.681 441.712
423.172 343.478 744.127
555.892 372.422 765.706
307.614 343.479 668.786
439.154 544.283 790.408
439.548 528.937 792.418
553.332 767.396 374.88
598.113 782.95 482.304
433.952 389.033 229.216
481.434 508.78 799.296
770.125 369.576 504.682
497.849 497.844 799.985
393.218 359.341 257.487
369.125 731.4 639.017
335.193 656.123 696.123
389.222 646.182 262.599
664.074 603.883 728.666
768.52 632.877 484.485
666.065 469.219 252.059
528.685 468.38 203.053
482.588 542.902 203.594
403.799 445.876 221.045
714.169 366.633 337.689
691.521 717.331 421.981
364.131 318.154 696.142
447.999 395.479 776.354
478.096 728.032 306.295
691.916 284.94 416.828
377.646 561.17 766.998
308.049 554.767 276.046
376.089 456.884 769.791
384.767 383.752 751.411
707.084 414.342 699.446
517.614 511.957 200.756
505.473 581.247 788.737
715.583 398.879 317.521
512.269 504.828 799.71
437.974 575.364 216.322
523.649 582.29 787.522
403.982 520.16 783.503
529.925 559.654 792.482
398.733 314.277 287.275
564.116 416.586 780.947
336.975 389.373 273.76
445.535 244.874 648.137
520.348 531.266 797.672
370.944 770.82 500.982
383.095 256 629.605
265.399 367.867 367.699
678.81 263.834 452.536
477.252 479.878 201.541
372.528 228.686 488.174
573.622 618.066 234.218
542.365 462.728 794.646
300.456 696.518 392.469
433.77 692.581 720.286
793.064 534.647 446.03
447.678 488.515 795.179
599.207 750.833 631.304
241.01 350.497 523.932
715.139 612.605 676.169
764.458 527.568 361.069
479.078 232.937 364.946
375.992 291.013 324.085
580.807 762.017 621.726
353.204 419.82 250.958
533.06 341.508 247.438
616.343 596.908 241.015
411.448 635.422 247.375
543.277 268.047 314.73
748.287 591.776 358.823
385.376 692.066 300.07
326.271 333.735 320.628
354.097 451.422 757.59
624.922 348.4 726.742
550.736 205.031 479.523
243.313 490.552 654.992
603.673 236.238 401.604
583.245 719.38 313.071
677.958 741.342 490.778
448.998 397.083 222.86
217.39 505.413 600.509
574.061 607.401 229.852
284.002 294.23 531.678
678.916 654.938 315.655
291.649 675.03 626.31
627.9 396.451 249.163
487.895 799.733 503.669
390.942 316.907 711.148
280.342 532.827 701.675
220.417 608.284 510.391
434.007 209.888 461.528
423.571 790.101 499.658
435.768 482.478 792.519
544.361 496.802 203.315
655.154 556.113 750.557
541.039 470.831 795.745
523.589 323.451 258.6
441.721 701.597 714.388
582.02 710.7 302.824
504.436 507.838 200.135
409.675 359.713 250.679
486.169 440.264 793.667
534.957 487.447 797.692
577.131 451.957 214.093
383.61 493.654 776.429
375.39 679.038 705.956
554.257 462.866 792.707
470.507 464.49 203.573
438.349 267.743 679.599
205.698 508.499 442.432
487.271 485.291 799.369
656.017 274.229 621.187
716.887 603.321 320.321
505.991 506.763 799.864
506.057 219.981 607.484
388.328 778.166 487.642
721.205 668.91 611.973
514.145 730.037 692.05
717.876 648.679 357.085
623.499 523.963 227.651
610.328 664.654 725.204
355.718 691.901 679.88
549.355 208.865 447.042
593.564 486.238 215.296
445.577 391.935 774.518
575.091 419.716 220.866
499.612 499.805 200
238.508 644.841 525.357
531.36 446.471 793.515
559.462 470.934 207.392
738.03 487.744 682.186
206.753 501.098 436.716
402.606 588.029 769.75
378.639 672.995 287.058
498.092 798.641 471.546
321.976 345.381 314.527
496.784 427.099 209.01
342.465 254.415 430.21
539.969 484.576 203.075
514.883 783.921 595.748
407.12 363.175 249.696
460.001 788.933 570.127
263.477 644.737 385.51
419.234 544.161 785.529
549.377 399.945 221.52
429.604 583.644 220.629
459.513 348.052 755.485
393.621 235.368 593.022
778.74 419.254 423.948
465.725 513.074 202.251
502.409 664.973 750.555
330.7 270.098 592.1
370.534 417.447 757.728
277.514 700.818 513.117
733.83 363.654 629.358
563.435 574.146 216.313
279.565 605.457 325.968
579.844 788.031 525.749
482.841 322.021 259.108
218.849 494.898 604.538
684.72 271.179 559.327
342.115 389.954 269.865
753.435 436.033 352.763
474.228 407.238 784.132
632.587 277.75 651.741
242.142 352.211 459.166
499.002 600.12 782.798
404.535 575.436 774.219
295.317 687.683 386.51
390.502 220.94 511.644
581.24 314.746 278.458
236.887 557.54 632.14
301.72 288.182 576.278
467.705 515.09 797.875
459.541 527.49 204.015
399.782 622.693 754.76
492.309 511.2 799.692
481.959 518.084 201.09
478.534 517.104 798.742
486.14 765.501 638.986
752.129 483.195 338.295
373.682 555.4 766.411
353.739 286.269 651.416
396.151 249.371 371.935
564.746 494.708 792.882
301.405 394.596 698.621
475.289 494.253 201.075
684.764 346.394 320.368
484.703 220.078 393.184
387.17 605.139 757.323
424.924 516.095 790.008
314.48 724.735 571.249
481.638 325.138 743.077
545.613 519.5 204.13
665.487 286.12 370.118
488.377 642.506 236.264
250.315 360.74 590.907
720.476 373.398 340.745
500.125 516.709 200.466
312.775 265.628 504.065
734.076 601.601 657.752
412.147 641.924 749.278
430.394 285.604 697.963
609.822 716.59 676.148
737.721 586.643 338.811
785.732 496.848 591.364
549.572 525.61 794.766
445.295 352.122 755.224
480.941 584.996 787.076
493.846 503.651 200.085
309.918 495.423 267.949
783.815 465.434 409.147
495.778 791.034 427.329
535.003 497.406 202.06
503.224 433.186 792.447
567.036 208.505 476.834
546.956 523.209 795.392
207.97 518.767 566.076
571.118 319.512 271.163
726.68 672.073 405.094
680.364 601.526 282.833
252.848 331.543 476.797
433.282 390.376 771.167
501.257 507.53 200.097
667.312 251.458 484.725
579.48 237.54 621.646
360.832 467.981 763.832
407.063 229.474 590.436
662.431 391.787 727.829
281.464 356.99 647.615
203.493 535.506 528.686
430.611 246.171 644.069
373.939 764.056 433.794
601.572 668.857 273.792
302.65 353.804 672.278
520.287 503.102 200.703
503.164 439.737 793.868
300.922 492.221 724.293
257.281 471.84 674.053
647.07 395.042 739.488
609.044 404.074 762.503
371.726 492.535 228.909
766.322 631.748 458.586
364.611 512.452 232.577
452.443 676.849 737.619
454.773 669.581 256.696
326.302 372.026 708.451
740.746 432.095 665.621
665.23 483.89 749.879
661.201 403.737 733.982
497.444 492.867 200.096
785.133 545.037 581.675
500.986 463.676 797.791
501.602 238.405 646.851
723.081 569.432 688.186
425.912 467.58 788.894
490.873 493.215 200.216
629.513 318.039 700.291
538.344 473.438 203.648
304.339 458.117 723.523
646.845 267.298 619.526
563.083 638.039 241.223
609.776 497.212 220.82
605.812 398.509 238.269
534.21 408.936 783.79
684.661 304.887 366.467
618.465 347.001 729.254
556.286 481.914 794.117
605.015 439.131 774.348
523.802 464.094 796.891
579.923 375.605 761.033
370.249 764.953 445.551
572.337 295.062 293.196
753.197 611.735 384.213
318.123 724.962 579.454
548.353 654.417 247.379
604.104 406.703 765.44
338.724 442.872 253.573
545.836 540.819 793.654
611.112 771.078 564.582
480.97 485.481 200.956
588.759 616.689 238.264
221.907 404.59 440.324
332.663 396.113 726.288
769.789 623.733 456.365
542.688 736.583 320.539
562.763 503.47 793.341
519.672 641.702 236.308
575.057 415.631 222.064
406.778 694.334 708.672
267.374 686.174 465.007
394.028 502.141 219.348
777.355 614.339 500.965
653.383 757.655 509.355
491.718 418.841 788.695
622.353 709.765 676.149
328.117 668.086 320.547
450.036 728.927 312.661
501.124 501.419 200.005
597.956 347.968 260.645
488.808 475.083 201.246
493.072 436.981 793.224
271.933 646.027 370.92
745.988 430.742 657.142
741.24 554.798 330.293
522.26 567.743 791.402
547.292 249.195 657.671
410.373 575.009 776.298
451.687 564.694 788.93
726.588 531.985 306.003
564.171 607.691 227.448
751.189 377.046 608.567
795.411 504.406 552.085
744.637 329.243 531.538
553.722 586.9 217.932
597.685 322.347 721.127
669.851 588.814 269.213
314.933 659.776 673.844
491.69 462.846 797.574
525.97 651.269 757.766
422.883 230.682 392.665
286.931 710.776 486.777
700.181 491.009 723.264
470.885 533.085 203.255
470.64 270.247 690.661
221.261 441.358 594.157
377.146 694.027 693.029
468.564 746.24 331.544
203.409 457.053 513.749
733.479 406.022 336.734
517.386 660.383 752.933
542.452 220.649 399.199
222.592 600.794 553.716
442.11 703.166 286.992
427.4 327.09 265.839
293.88 628.992 324.286
764.893 583.207 613.616
234.737 635.911 465.883
519.422 521.438 798.602
622.546 513.134 773.514
222.64 526.253 611.276
399.963 581.175 770.93
652.738 530.56 243.608
416.708 366.336 244.664
570.319 317.733 272.329
625.272 499.61 772.593
420.898 535.926 212.855
496.868 502.327 799.975
452.21 459.631 206.595
568.214 299.999 287.052
427.368 718.499 692.309
354.258 639.993 278.276
559.099 743.611 335.194
550.11 213.52 573.608
341.311 711.209 642.158
799.268 497.349 520.775
684.249 430.837 726.426
353.895 238.627 481.631
577.428 687.668 279.125
286.057 408.483 689.349
507.68 504.611 200.134
493.41 209.191 573.393
539.426 548.894 793.351
294.205 359.716 332.761
482.914 661.638 752.153
494.957 499.773 799.958
371.713 386.641 253.642
407.239 383.57 239.54
500.275 494.057 799.941
713.698 503.21 710.529
263.637 450.997 321.867
248.203 355.243 575.123
408.267 382.466 239.672
697.512 572.931 286.294
499.444 450.181 795.834
435.031 462.068 790.414
700.202 410.882 295.117
492.351 511.986 799.663
699.532 626.044 314.798
573.621 221.05 417.738
542.604 377.438 229.513
500.905 599.577 782.99
509.389 265.313 686.638
306.948 424.023 716.699
783.816 494.86 402.933
290.853 594.753 306.921
410.716 581.386 225.401
695.432 671.315 350.141
492.065 548.575 204.065
495.363 581.855 211.42
250.982 545.483 661.001
408.249 443.913 780.064
514.524 513.367 799.35
696.966 585.264 290.395
590.528 269.911 330.107
484.641 445.814 205.334
417.96 408.638 773.72
299.346 531.092 720.842
530.354 403.869 217.445
538.656 517.285 796.997
423.762 380.097 764.218
428.39 213.558 553.132
326.854 331.173 322.466
476.291 409.132 784.922
588.43 492.16 213.437
323.924 544.075 738.862
472.102 627.297 770.217
477.146 710.912 287.882
335.236 717.744 375.74
398.033 444.325 223.408
321.131 367.819 701.331
585.247 669.06 267.295
685.306 418.615 721.446
702.767 705.186 582.367
225.102 535.833 385.34
495.627 503.038 799.953
554.89 487.039 794.651
340.502 282.818 631.879
523.915 689.857 268.954
339.224 503.398 246.742
766.096 392.961 587.951
757.326 648.474 541.697
501.286 501.249 799.995
667.225 344.301 305.594
249.245 585.746 359.397
234.817 480.763 361.048
526.495 478.871 798.08
309.93 699.655 381.63
599.008 525.259 782.063
599.222 381.942 242.673
402.925 234.268 400.185
402.812 221.29 446.377
598.154 494.399 216.567
336.434 349.465 701.458
339.005 299.566 654.618
439.799 458.792 790.994
468.08 610.957 776.893
210.252 456.609 435.477
366.819 321.658 298.861
552.62 785.562 575.403
352.926 554.141 244.191
793.029 459.919 550.277
400.163 504.839 217.141
617.28 542.505 227.166
500.632 497.141 799.986
463.848 369.948 767.917
220.268 601.129 539.026
343.588 477.607 755.017
212.23 564.904 554.553
747.517 425.412 347.777
477.842 237.273 643.12
489.459 214.352 591.073
359.705 748.533 592.458
652.776 734.537 392.058
586.38 535.719 785.066
547.098 225.987 387.312
424.322 395.522 770.845
550.686 209.283 553.988
576.568 650.511 252.041
778.905 428.349 584.131
449.842 245.914 348.591
355.351 242.545 447.148
685.209 529.479 734.155
223.457 562.793 402.117
364.783 253.612 395.075
696.187 522.278 274.136
470.408 205.524 450.924
756.808 416.94 369.039
594.436 642.509 253.478
558.646 706.38 709.686
543.407 531.994 204.886
289.37 526.113 712.021
462.173 511.79 797.372
375.57 502.385 772.968
760.568 580.23 374.83
506.009 732.257 310.209
713.462 315.588 397.892
214.096 409.606 490.637
637.927 233.737 491.048
507.318 630.042 229.749
666.018 740.012 569.517
500.192 499.915 200
634.841 350.508 277.581
683.271 416.84 277.523
421.33 399.416 228.534
473.94 511.625 201.36
385.133 776.729 484.943
628.153 323.538 293.996
714.404 497.722 709.823
799.131 481.958 486.026
517.345 455.131 203.882
326.902 364.492 704.144
683.995 631.192 302.682
514.925 222.312 612.545
481.929 738.311 318.668
219.577 599.667 537.808
551.753 330.133 741.799
600.499 409.113 232.345
717.107 703.526 537.966
323.731 740.425 533.54
790.46 427.347 481.169
406.919 599.549 232.744
686.161 571.28 275.805
714.78 631.36 663.138
460.993 490.786 797.31
615.439 475.51 224.185
730.809 309.797 523.455
479.549 749.038 333.982
508.208 395.558 781.113
648.568 733.987 385.206
791 427.579 508.615
328.248 256.57 464.739
486.03 464.166 202.476
500.509 532.4 798.245
518.652 261.141 319.45
591.183 409.762 228.813
268.077 418.75 327.924
263.478 672.445 565.729
471.08 473.504 202.575
612.485 359.321 739.91
697.338 581.074 710.914
287.29 629.82 332.964
652.249 696.817 667.581
792.66 565.691 505.893
634.672 439.685 238.8
266.143 686.39 476.135
587.07 783.968 542.199
414.027 566.479 779.623
310.699 445.248 726.202
276.245 693.855 548.516
687.062 597.584 713.273
353.657 339.011 293.442
325.694 680.189 664.771
321.517 283.637 393.554
443.923 480.09 205.961
644.594 682.457 310.786
442.433 367.522 237.064
508.973 297.546 278.795
497.894 502.687 200.019
544.384 704.66 714.812
604.823 377.996 246.766
314.914 521.919 735.08
467.223 431.087 209.868
346.969 620.744 271.959
799.852 494.779 492.167
216.487 477.673 404.491
632.613 762.595 558.802
538.579 723.642 696.204
516.416 566.547 207.935
492.726 799.87 504.992
388.972 769.835 569.725
489.384 510.442 799.63
600.593 664.281 729.985
553.691 710.664 706.732
612.227 333.451 277.14
285.549 635.05 660.538
500.161 798.98 524.712
397.481 386.491 758.08
481.097 466.981 202.422
749.741 591.041 639.071
673.217 271.631 588.564
582.05 236.027 383.442
289.292 509.349 713.342
692.473 725.456 453.916
535.777 386.443 775.363
559.062 577.418 216.243
622.517 372.96 257.409
601.397 526.603 218.911
464.422 323.977 259.687
299.243 722.518 513.505
228.233 556.591 386.245
796.281 453.649 508.327
734.386 659.986 597.301
351.552 730.751 621.314
782.309 462.84 405.549
565.718 683.486 728.066
643.836 555.408 757.373
396.793 444.518 223.83
586.228 214.095 528.686
510.097 534.662 797.82
641.701 633.785 271.916
455.562 614.473 773.717
627.87 319.005 297.788
765.286 624.647 563.925
400.804 679.143 719.244
515.2 333.817 749.303
247.875 474.155 660.515
438.269 285.152 299.927
717.488 700.205 448.847
783.687 587.254 543.685
366.082 342.317 717.261
551.599 618.606 229.316
481.698 488.818 799.232
566.704 489.942 207.683
520.734 547.87 204.571
508.704 481.24 799.286
333.23 712.517 369.522
595.706 760.96 612.873
531.292 405.394 217.033
572.28 784.99 440.364
470.645 543.696 795.345
765.999 378.484 433.078
497.727 335.315 750.746
499.352 496.02 799.973
257.918 639.618 390.899
586.105 228.931 404.567
491.104 500.578 799.868
621.678 540.866 228.846
449.519 385.02 227.546
682.542 710.859 610.529
412.674 779.376 565.752
473.332 513.32 798.515
689.101 485.549 732.448
420.969 612.789 766.52
442.407 372.55 765.404
276.917 486.162 700.106
491.819 449.093 204.464
534.1 420.654 787.3
673.61 530.653 257.266
402.615 300.713 298.008
250.955 332.769 503.191
487.306 789.054 579.289
485.236 532.743 797.842
714.501 708.353 524.045
569.966 656.355 253.712
515.024 549.942 795.432
627.099 768.888 460.691
415.19 543.565 784.446
743.989 531.334 671.72
528.77 479.272 797.897
247.566 530.511 340.796
507.802 631.718 230.575
486.75 720.307 296.802
211.967 434.256 552.102
527.084 718.938 296.696
459.531 484.708 796.864
635.677 258.962 616.156
502.784 497.304 799.975
490.735 504.978 200.184
702.287 366.582 676.86
514.314 732.638 311.122
467.767 437.671 791.678
288.051 636.397 337.293
371.296 591.596 755.04
395.859 500.364 781.344
575.132 576.943 780.063
328.988 616.581 282.828
208.767 558.846 541.477
231.603 627.817 459.681
401.876 709.548 690.948
529.293 393.486 221.079
624.457 441.405 233.397
530.936 727.999 692.508
466.738 777.558 391.118
761.355 635.029 558.83
455.057 242.22 353.271
569.764 639.024 756.525
741.63 494.583 677.723
700.088 611.526 693.718
208.198 430.363 501.433
670.981 255.178 528.771
576.032 427.266 219.057
614.757 762.916 412.217
472.11 510.59 798.513
709.912 388.343 682.947
541.292 763.822 363.277
513.31 497.848 200.303
304.734 488.653 727.469
498.492 498.565 799.993
319.727 324.093 662.968
487.449 455.239 203.624
638.155 543.678 237.311
627.475 231.614 458.54
230.405 405.971 407.928
535.362 760.409 355.304
572.073 408.829 776.574
399.338 318.859 716.922
211.613 554.106 562.495
768.819 554.098 378.304
486.748 508.221 799.594
446.782 738.504 674.022
650.794 419.151 253.576
534.379 515.486 202.379
510.693 498.26 799.804
659.366 715.186 635.268
656.212 430.567 253.47
531.109 332.619 252.986
344.476 629.136 721.667
544.559 628.901 232.794
486.706 463.514 202.524
693.589 728.522 482.645
463.229 206.035 547.246
638.426 433.325 757.668
321.405 602.851 281.996
777.287 593.327 433.651
511.076 456.642 796.644
202.582 534.802 518.199
444.072 726.502 688.598
614.274 464.205 775.064
624.195 312.148 301.79
468.067 485.454 797.941
532.565 449.781 206.031
500.775 496.05 799.973
306.981 559.29 278.125
794.296 500.872 441.787
758.242 597.348 617.619
406.416 477.579 784.147
272.886 416.686 322.58
687.751 659.334 671.354
336.32 262.49 582.45
321.938 711.142 382.897
400.407 437.022 775.89
523.123 593.484 784.123
660.654 428.331 743.01
528.771 457.247 795.541
734.426 344.759 395.384
490.746 214.699 407.71
551.038 249.753 342.61
352.823 567.269 752.614
501.12 527.212 201.239
238.451 355.204 525.022
522.51 500.649 200.846
498.131 286.691 710.94
451.576 794.507 469.655
274.234 334.459 392.177
512.489 566.447 792.282
574.381 515.733 790.207
635.592 349.512 721.288
583.111 271.203 675.341
481.15 525.204 201.655
484.012 456.798 796.442
480.891 462.939 202.912
556.623 464.022 207.597
482.461 618.268 775.146
507.498 506.078 200.155
319.7 260.491 511.279
686.853 383.794 703.917
597.099 232.114 593.854
231.327 418.892 393.998
575.756 655.529 745.096
443.601 725.663 689.461
668.986 615.68 280.77
405.314 359.212 252.587
569.409 752.968 354.434
692.124 722.201 560.951
728.133 479.279 306.283
441.498 568.628 786.125
554.398 455.979 208.276
702.707 662.075 349.529
686.761 286.567 597.808
515.138 575.636 210.086
753.358 536.579 343.566
730.577 602.764 337.908
710.496 288.761 467.297
692.354 393.97 704.347
352.643 518.166 760.684
255.313 670.031 465.104
311.645 271.065 545.948
273.875 640.422 638.38
493.994 496.567 200.08
360.538 285.824 342.904
515.799 542.507 796.553
221.118 530.981 393.862
286.563 697.059 574.916
244.014 378.935 400.932
267.632 689.596 492.357
381.111 669.857 716.827
665.807 327.402 319.118
506.181 459.293 797.161
238.335 353.662 510.804
518.092 492.314 799.355
263.022 534.292 680.736
504.855 495.567 200.072
425.841 403.65 774.257
582.956 683.337 722.499
511.33 374.511 772.258
432.224 216.651 428.448
652.247 474.845 757.271
441.681 205.77 505.24
233.217 385.047 574.917
489.093 236.42 357.147
705.768 351.578 339.905
236.5 533.625 639.417
271.065 676.961 579.205
671.998 632.553 706.994
526.659 426.551 789.646
317.875 571.282 727.485
510.444 540.821 202.974
599.877 735.262 657.087
618.195 768.409 436.864
594.829 217.02 469.507
432.936 572.182 216.641
651 261.067 399.453
457.947 379.589 771.538
760.352 375.867 582.509
598.522 569.901 774.604
460.693 466.695 795.543
298.874 711.749 568.632
211.428 575.517 468.008
496.207 491.896 799.867
655.182 586.172 741.854
336.338 707.572 641.876
545.189 769.873 377.011
489.474 466.014 797.883
489.677 496.103 200.203
585.193 485.692 787.293
683.699 337.28 672.559
401.02 566.344 224.679
488.008 502.426 799.75
412.248 695.92 290.441
517.525 490.602 799.34
535.779 448.261 206.669
508.51 497.616 799.87
642.623 285.241 653.419
493.062 534.269 797.956
460.755 534.941 204.638
338.162 247.397 500.579
491.373 496.671 200.143
270.884 469.333 308.78
759.658 644.219 542.175
491.7 576.396 210.009
727.747 313.917 440.801
218.245 481.087 601.275
728.537 527.496 307.608
284.014 291.799 501.593
468.606 631.122 232.005
719.922 597.541 679.221
245.147 395.604 381.04
526.981 481.957 798.239
660.944 387.587 273.151
722.734 556.027 306.996
262.299 648.719 606.68
523.739 418.555 787.755
691.971 270.681 476.339
725.762 538.726 306.269
231.289 415.916 396.443
554.698 359.886 759.569
364.372 542.576 235.818
499.17 513.844 200.321
702.011 715.139 553.915
515.333 375.042 772.306
540.029 507.463 797.224
624.595 771.839 524.083
590.476 521.913 214.809
699.189 276.746 521.937
299.864 310.751 381.128
629.484 587.218 243.823
630.03 490.133 229.825
479.031 245.952 341.824
211.501 537.918 573.01
211.949 444.328 562.665
691.615 453.285 273.944
226.427 434.073 396.021
676.948 656.985 315.486
574.115 524.69 789.65
591.06 747.88 642.351
522.092 487.771 798.935
492.613 654.014 757.342
552.115 715.526 297.929
485.679 260.355 320.097
701.521 424.606 290.943
422.767 506.346 789.819
550.044 794.114 531.509
453.645 767.327 628.013
514.269 433.487 792.185
392.758 458.326 222.94
582.208 479.933 787.818
336.945 750.892 478.404
620.754 767.186 436.517
342.077 259.732 585.625
612.579 436.908 229.177
744.161 466.077 329.019
259.442 395.73 645.807
355.525 424.655 248.107
757.528 515.098 346.861
409.664 376.501 758.045
205.746 542.718 539.868
527.145 405.296 216.637
485.857 499.629 200.334
517.221 766.476 363.275
557.051 508.601 794.4
471.776 252.931 332.189
794.003 461.47 454.417
546.349 515.031 796.017
472.599 541.989 204.219
791.044 433.862 530.32
300.545 323.885 361.432
796.498 519.025 541.559
537.19 505.291 797.639
223.081 541.887 392.477
509.488 589.365 213.777
530.334 502.763 798.45
403.966 243.695 377.179
257.403 361.296 609.122
461.887 290.914 711.732
691.907 284.471 418.031
307.441 350.637 674.963
520.362 715.034 708.197
204.482 501.673 448.366
776.476 443.536 601.846
411.562 510.917 786.46
342.451 328.703 689.303
226.696 525.471 378.938
678.651 722.222 406.719
728.484 693.522 518.551
530.882 616.303 225.191
384.04 515.738 776.235
724.201 552.281 692.356
521.982 428.962 790.638
661.435 722.683 380.203
758.708 355.973 548.233
433.198 593.785 222.977
374.479 232.736 553.053
499.476 515.462 200.399
620.582 482.716 225.845
320.595 681.318 342.083
324.738 667.627 676.591
512.53 371.158 770.634
497.999 256.147 674.734
525.458 430.567 209.258
520.24 518.953 201.284
639.884 630.787 269.073
728.158 438.468 315.182
384.755 743.826 631.407
249.247 627.93 396.285
638.479 667.031 292.819
411.831 509.403 786.597
389.641 234.318 585.053
483.906 648.257 760.309
475.215 205.955 445.931
507.681 526.591 201.28
276.669 459.953 303.736
229.114 430.163 608.367
336.977 249.065 521.332
575.393 751.232 645.597
228.386 493.543 372.783
486.23 674.704 743.493
527.312 482.553 798.244
507.114 214.387 591.513
689.824 288.185 595.399
378.979 570.66 234.743
568.96 434.148 215.557
247.915 560.012 651.168
530.381 794.24 549.996
492.196 233.235 637.023
509.82 518.872 200.755
527.497 541.395 204.145
555.022 578.246 784.342
595.458 443.128 221.336
472.352 505.424 798.674
419.008 588.531 774.959
412.821 352.991 253.448
712.238 584.914 305.72
306.518 281.892 570.664
511.767 202.172 465.944
260.435 320.876 477.122
460.555 534.836 204.652
313.77 390.347 708.074
781.177 403.23 460.314
732.292 322.283 566.761
570.457 323.611 267.787
490.657 493.435 799.783
513.871 587.181 786.718
613.751 475.674 776.53
492.852 572.139 791.11
638.025 479.046 765.537
331.529 651.282 303.198
569.876 441.313 785.785
561.664 383.978 769.697
439.242 452.169 789.863
680.373 729.223 570.159
736.263 319.915 541.824
495.943 436.372 793.147
476.445 459.56 203.673
664.733 542.875 252.968
717.02 697.66 438.092
399.947 624.379 245.993
512.228 493.03 200.33
437.519 488.595 793.2
590.335 404.936 769.819
289.238 289.169 533.609
472.983 447.819 794.189
378.892 287.234 673.389
737.046 366.706 626.656
592.131 432.776 777.476
667.184 532.425 746.978
628.784 477.801 770.041
509.628 494.05 200.214
542.932 218.577 594.646
474.828 423.143 788.893
686.446 329.853 662.136
441.958 645.887 755.632
637.724 444.719 239.278
457.422 613.708 225.669
510.264 501.491 200.179
578.64 368.558 242.049
490.096 718.338 294.5
428.795 229.923 609.49
700.963 616.017 690.141
410.318 599.471 768.445
593.53 548.379 219.088
787.276 557.288 435.265
255.349 615.074 630.014
502.405 493.224 200.086
308.715 288.901 594.06
563.792 431.041 215.087
391.088 437.596 227.523
332.136 251.384 503.412
694.047 589.515 289.446
490.685 203.504 544.759
690.539 570.814 279.364
712.144 451.71 706.551
677.358 272.674 582.868
489.691 420.009 211.045
508.782 532.691 798.084
469.806 522.951 797.593
472.102 478.31 797.912
327.842 716.106 383.125
659.549 726.631 614.815
408.658 784.515 473.394
355.55 661.842 707.223
798.155 511.713 468.914
403.375 629.215 752.917
514.28 508.803 799.531
472.681 555.603 206.466
710.875 683.809 391.621
488.516 759.123 349.258
617.728 634.778 740.78
289.951 454.532 290.687
296.103 330.646 640.518
214.956 499.196 406.461
266.223 673.131 573.306
416.287 555.84 217.38
499.361 794.683 443.774
218.469 602.484 484.586
592.418 773.039 583.117
769.289 555.367 379.926
271.904 321.887 579.045
565.11 211.891 552.478
544.303 528.55 795.334
416.747 212.857 475.144
693.795 718.969 567.055
486.913 357.483 236.338
763.763 376.199 571.431
240.182 522.01 648.358
338.701 488.833 752.701
662.244 634.969 713.214
729.413 626.09 646.53
629.861 514.641 229.96
794.363 489.541 443.07
450.483 781.52 591.075
221.882 484.045 611.336
500.662 491.285 799.873
671.86 266.574 577.306
698.904 355.187 328.343
519.801 308.698 269.758
619.028 628.333 256.355
731.768 312.425 466.846
379.023 479.266 226.258
492.063 509.846 799.733
303.904 429.352 284.233
477.503 619.371 225.693
318.073 458.808 265.041
511.073 498.159 200.21
632.027 747.588 606.155
568.376 218.239 422.959
464.258 493.824 202.201
567.219 579.309 218.59
490.284 504.652 799.807
291.927 522.468 285.056
497.167 356.586 763.485
359.379 763.561 527.595
423.421 464.849 212.076
668.889 262.812 427.761
321.897 629.817 703.535
445.767 503.897 204.968
251.642 359.907 593.233
389.247 682.835 289.512
543.135 470.709 204.566
732.796 372.466 360.21
745.782 604.942 363.698
779.797 564.265 412.914
723.087 589.334 679.587
222.842 538.251 608.261
784.804 591.17 523.969
560.435 443.949 211.546
582.262 303.855 711.565
460.519 533.772 795.467
552.213 567.855 212.477
334.883 486.968 750.133
244.909 654.761 468.735
303.726 490.917 726.703
217.861 476.039 400.886
483.436 744.464 326.902
506.463 220.136 392.137
642.239 684.773 311.249
619.078 518.615 774.725
490.582 495.927 200.176
269.416 324.71 421.869
564.659 639.573 757.563
478.624 513.329 798.94
479.371 561.63 792.876
295.93 489.408 719.643
698.453 605.417 301.245
680.974 737.605 471.848
512.903 603.556 218.736
706.529 300.089 585.914
471.517 488.915 201.561
773.305 521.672 621.799
493.14 517.787 200.606
495.989 384.827 223.018
473.733 225.487 618.122
466.011 782.18 403.983
230.12 370.45 519.527
554.812 402.28 221.708
277.721 558.909 307.33
597.458 560.462 222.788
747.787 334.821 536.3
350.145 508.945 240.262
507.39 497.101 200.105
370.998 417.127 757.858
476.73 511.235 798.885
289.056 712.913 513.058
557.659 345.585 249.338
442.456 459.417 208.381
672.833 582.186 731.029
701.915 717.849 457.905
685.702 720.049 415.779
208.422 570.482 496.175
513.287 473.114 201.503
583.419 267.636 329.565
334.736 617.909 279.126
437.735 350.869 247.249
577.588 789.775 496.776
529.597 458.465 204.367
500.854 499.895 799.999
507.205 629.731 770.404
291.34 330.237 367.179
525.049 433.382 791.435
676.358 725.428 589.889
574.995 585.797 777.515
343.973 577.216 255.678
447.465 489.442 795.176
517.176 514.985 799.133
448.488 675.771 737.594
603.682 510.073 781.334
540.083 612.824 775.071
452.698 720.739 302.423
605.399 539.801 778.041
370.47 689.037 306.384
659.619 584.417 260.426
501.643 499.47 799.995
790.639 550.936 445.831
564.862 623.306 234.315
619.323 372.522 256.05
669.935 280.244 613.268
299.679 689.36 618.382
717.375 293.486 510.009
556.32 512.165 794.415
247.681 485.462 338.371
485.973 351.352 239.794
640.738 481.418 235.713
713.076 316.705 604.889
501.059 499.291 200.003
375.916 314.1 299.89
377.235 719.932 337.031
486.976 243.343 345.218
784.427 503.426 404.662
504.379 592.324 214.593
754.228 590.438 368.893
550.847 593.982 780.325
661.578 621.157 721.841
598.34 721.751 323.491
514.973 533.183 797.783
786.302 466.003 417.084
707.525 287.472 457.982
525.327 210.264 426.436
497.085 502.495 799.975
344.758 258.368 586.682
472.924 689.379 268.91
589.745 487.92 786.007
510.271 781.861 602.22
339.459 511.921 753.149
547.939 204.429 481.569
508.175 512.629 200.377
549.866 439.591 210.407
312.17 285.867 405.837
404.496 745.591 356.599
611.253 499.499 778.608
776.302 477.273 385.367
422.448 222.941 584.993
266.269 544.785 317.341
447.388 274.55 309.201
403.325 326.01 275.542
355.261 685.831 685.789
694.788 274.539 534.996
464.048 792.833 445.631
216.366 458.855 588.649
268.343 496.47 690.585
651.075 578.373 252.949
672.146 316.045 337.131
672.728 383.037 715.603
312.081 459.85 269.621
206.345 441.667 480.928
602.333 680.446 716.719
519.659 291.106 714.422
780.18 597.459 544.733
531.618 644.576 239.044
250.01 657.372 552.333
537.695 386.088 225.04
544.856 609.779 775.566
417.428 299.535 292.646
213.568 437.14 563.286
793.263 553.923 533.002
758.721 404.779 618.307
606.987 219.981 511.956
395.352 483.058 780.645
210.251 577.36 492.175
567.8 240.339 365.913
624.638 771.43 528.124
285.618 297.349 554.525
262.306 431.666 330.2
550.941 218.412 409.926
784.65 472.804 409.255
569.121 365.448 240.929
593.938 781.462 455.786
489.933 534.563 797.832
621.035 578.165 236.864
589.747 230.892 402.397
211.375 418.181 498.998
697.468 716.767 563.392
574.014 493.761 790.66
523.727 448.607 205.389
456.4 681.472 265.124
647.554 459.018 757.969
750.209 651.087 567.587
221.681 423.103 418.606
526.24 529.937 202.653
504.211 548.707 204.01
659.418 261.874 411.221
798.175 471.742 517.12
483.71 572.056 209.238
580.162 429.381 219.666
337.364 305.408 660.261
771.482 499.735 372.337
474.427 443.128 206.552
546.635 271.307 311.52
602.688 396.684 762.261
461.253 524.927 203.559
560.855 400.958 776.563
209.602 481.401 427.04
500.032 533.449 798.129
307.137 492.64 270.327
487.342 467.168 202.071
307.208 729.819 503.764
425.976 516.279 209.732
678.035 454.615 737.157
464.557 316.83 734.931
290.792 578.792 700.06
418.909 351.303 252.384
767.328 444.64 624.383
344.267 644.645 711.72
407.641 388.938 237.065
448.76 528.939 205.828
702.892 405.092 300.433
507.189 499.089 799.912
298.05 278.95 518.791
327.252 737.258 562.182
487.95 422.529 210.426
542.909 203.126 504.944
519.062 207.186 437.575
440.977 696.976 281.559
536.073 541.624 794.9
301.135 348.097 665.464
522.909 455.3 204.235
443.305 217.413 416.752
323.086 586.403 273.647
342.105 293.541 649.812
597.292 256.301 645.414
530.064 505.015 201.552
517.75 320.369 260.38
754.125 348.444 549.508
774.965 519.679 618.351
526.289 757.409 651.821
471.363 681.963 263.21
249.107 392.264 624.282
545.45 425.349 213.013
577.437 574.782 219.98
796.067 458.242 475.492
690.832 416.159 284.237
413.297 218.183 555.333
413.253 427.762 777.951
396.988 637.05 746.182
319.318 556.424 267.255
335.64 277.95 616.96
425.557 267.314 325.887
672.494 736.974 436.052
437.526 534.877 208.657
597.536 473.156 782.429
641.173 709.346 662.001
614.348 593.198 238.775
509.939 539.689 797.197
219.045 443.327 411.387
739.071 488.285 319.147
315.962 275.273 575.017
628.932 438.125 236.28
668.042 588.063 732.394
545.371 691.682 726.273
211.085 433.754 453.744
473.895 312.994 733.125
321.307 263.623 546.851
735.582 351.092 388.97
736.579 661.386 589.357
265.588 620.801 356.968
633.915 292.486 670.308
761.908 518.626 354.889
249.702 401.808 633.076
578.345 749.04 647.787
341.055 524.804 246.778
429.739 545.011 788.162
297.9 574.73 708.736
607.494 408.424 764.686
337.321 378.456 279.178
498.216 498.628 799.992
601.157 443.012 776.622
523.959 264.472 315.737
688.215 670.842 340.664
356.886 514.123 236.715
553.226 467.648 793.463
735.718 369.912 367.66
224.348 605.528 553.661
452.261 456.236 792.926
484.217 384.054 223.762
496.048 402.939 216.163
432.117 318.759 270.776
390.145 393.631 241.896
601.013 569.319 226.155
313.191 318.372 648.707
571.649 360.545 244.229
488.364 508.135 200.336
749.274 665.464 522.006
607.38 235.497 592.236
600.095 647.652 258.795
651.165 669.387 303.894
776.828 518.042 385.804
465.368 794.593 455.104
639.397 754.949 425.372
483.485 209.207 571.878
321.849 737.857 541.067
375.287 727.032 348.663
522.049 561.603 207.222
204.017 464.36 466.476
601.408 568.167 226.011
481.816 530.174 202.076
790.465 515.367 426.557
447.449 522.134 205.469
588.994 672.04 729.09
551.942 441.929 210.294
342.785 254.159 569.609
418.433 665.766 263.635
604.228 575.553 770.977
333.573 551.911 744.146
728.57 482.666 693.534
762.175 533.802 641.852
389.556 396.957 759.199
708.908 517.669 714.581
756.704 600.152 618.627
466.625 748.635 664.519
434.661 792.763 495.49
699.375 306.064 612.42
304.89 567.38 282.303
270.181 349.974 378.857
383.807 626.662 745.878
380.409 262.607 639.078
262.155 558.102 673.361
297.289 454.216 283.639
555.983 501.254 794.728
498.275 504.596 200.04
567.758 464.03 209.974
535.277 511.117 797.711
702.879 291.401 427.014
594.767 459.907 218.199
266.571 637.817 628.52
505.166 467.982 798.242
615.851 474.123 775.516
528.237 789.651 572.835
688.234 389.616 705.873
421.302 593.282 225.947
496.372 254.082 671.788
539.195 595.1 781.815
216.121 559.323 423.23
277.402 299.356 513.854
503.126 497.591 799.974
303.956 674.777 644.982
280.732 665.058 621.15
529.759 447.97 206.049
775.94 612.648 465.832
607.152 500.267 219.789
533.213 580.621 212.951
523.297 456.763 204.048
734.439 326.796 429.016
639.452 329.646 703.796
398.151 621.172 754.841
382.139 238.062 413.414
636.099 490.69 232.81
512.028 507.484 799.665
444.366 483.118 794.312
674.211 287.028 619.554
335.647 510.041 750.773
551.873 630.93 235.11
701.971 323.044 366.23
495.222 510.339 799.784
381.252 507.933 775.383
430.962 550.39 787.567
777.251 580.191 418.139
235.266 368.411 449.01
490.89 495.244 799.824
471.12 781.122 600.681
526.855 324.189 741.598
515.79 666.109 250.684
730.777 649.141 620.413
732.065 310.294 487.451
623.49 520.656 227.377
548.354 685.402 730.842
508.844 516.102 200.563
367.446 577.395 757.759
718.176 553.794 301.24
456.804 595.367 218.861
317.441 502.324 738.048
577.822 561.353 216.84
457.666 291.721 288.275
496.334 675.845 743.033
567.335 304.817 717.646
301.371 665.267 347.576
587.124 240.01 621.715
797.702 530.452 478.871
411.999 507.302 786.71
381.605 727.361 344.15
481.796 517.224 201.049
553.148 793.602 468.806
538.677 248.893 659.529
724.221 608.491 332.804
502.423 602.361 781.987
407.789 735.941 339.286
443.459 392.471 225.7
713.618 702.373 441.583
380.185 396.475 754.808
202.199 468.679 518.269
377.794 381.081 253.172
790.39 560.712 455.417
506.737 508.751 799.797
510.965 538.75 797.285
689.017 419.137 281.519
477.832 569.973 790.882
324.079 593.788 724.178
292.697 668.884 363.973
218.6 465.58 598.129
552.754 560.631 210.966
767.006 633.186 468.866
643.888 346.421 713.798
617.824 248.675 613.813
784.091 410.109 465.19
384.884 222.967 500.993
731.365 633.122 636.927
452.2 795.314 522.466
416.02 232.756 607.368
324.839 258.545 531.911
580.495 505.614 788.945
411.992 431.092 221.6
251.615 594.335 639.306
230.028 369.183 498.511
673.52 672.703 326.609
234.318 464.752 365.202
594.365 481.021 215.861
563.37 498.083 206.776
424.358 637.915 755.456
338.25 262.02 584.869
514.023 522.092 798.857
608.397 524.052 778.696
761.737 355.299 476.433
468.821 477.703 202.459
701.197 707.652 419.998
231.273 366.984 490.398
763.145 562.15 629.971
610.425 626.965 748.367
493.515 653.784 242.496
648.096 280.045 359.689
473.377 471.299 202.565
485.471 516.099 200.785
760.092 619.245 590.182
587.945 474.57 214.31
374.603 670.806 287.63
513.118 435.204 207.375
316.997 539.55 265.595
713.974 704.292 450.201
380.517 612.702 248.958
220.615 545.916 599.174
528.953 603.307 219.841
590.947 300.332 295.4
347.666 715.58 357.453
466.788 462.301 795.763
505.357 346.818 757.889
237.475 611.115 593.457
496.226 785.432 407.726
507.596 205.042 554.243
793.971 458.053 542.677
641.914 494.951 235.737
514.361 237.633 644.767
402.066 484.685 216.849
389.45 498.682 778.885
658.879 678.238 681.628
614.782 539.981 774.274
690.472 288.475 405.252
350.495 727.719 374.333
452.154 363.948 236.94
389.355 461.352 223.841
797.059 465.879 475.673
756.243 362.854 574.366
475.62 606.237 220.502
284.83 386.796 324.254
264.812 474.616 684.505
317.713 276.41 417.664
499.729 508.121 799.89
462.797 342.791 752.787
287.308 331.515 372.036
610.679 539.035 776.091
371.12 577.73 240.485
509.008 268.545 309.35
792.739 542.942 549.595
390.101 480.958 221.505
658.095 248.214 540.12
719.742 645.969 357.148
331.9 702.754 643.643
610.401 271.782 660.4
674.99 738.066 448.01
551.741 556.404 790.072
252.157 644.425 412.164
310.038 416.943 283.168
278.492 515.481 298.271
330.04 517.565 746.587
699.498 305.159 610.623
475.916 614.672 776.171
582.384 610.383 766.512
775.133 559.294 603.857
701.723 475.346 720.681
575.364 209.976 485.636
475.167 739.479 321.023
767.98 615.27 430.004
261.075 481.537 680.482
480.525 463.316 797.111
372.417 229.803 526.762
671.613 485.352 254.369
684.084 728.566 562.217
788.323 417.148 502.37
484.008 209.79 574.311
713.863 523.768 290.96
440.406 344.958 749.821
398.874 626.801 247.621
646.58 305.959 675.677
620.838 497.49 774.576
497.952 200.5 517.2
732.95 337.059 404.162
210.026 574.153 520.408
637.542 705.606 330.27
539.443 203.995 471.269
657.042 499.738 755.612
261.415 376.842 366.175
778.66 602.863 457.953
523.589 202.356 529.182
397.295 418.404 769.803
395.162 426.544 771.318
588.618 529.681 214.928
494.526 655.678 243.613
664.512 732.387 405.489
569.562 733.098 675.574
548.981 252.117 661.725
547.538 238.589 360.699
706.078 717.458 484.385
361.237 473.253 235.369
630.733 753.877 408.047
640.536 257.398 606.743
773.475 385.491 545.814
599.553 364.488 251.553
684.916 734.946 524.628
303.095 639.58 678.174
589.943 271.965 327.054
539.985 751.67 341.685
772.722 432.033 604.897
507.061 200.188 507.948
269.566 420.156 325.285
478.624 421.053 788.636
647.185 705.058 662.135
361.438 641.754 274.82
456.312 211.576 429.977
377.129 439.993 767.024
680.428 557.901 732.58
551.286 571.843 786.72
343.402 641.826 712.984
670.893 464.723 255.969
381.461 467.601 773.677
715.554 380.07 670.744
438.398 496.063 206.419
580.849 566.794 218.927
628.76 586.108 756.917
543.716 776.99 606.61
389.647 650.264 264.962
609.924 734.28 348.245
625.89 768.664 455.601
529.796 413.983 214.145
354.421 260.182 606.274
388.522 337.357 726.097
638.932 765.864 503.752
693.925 385.404 301.856
293.229 513.438 716.945
700.793 573.068 289.422
431.429 435.854 784.927
411.153 768.123 398.926
721.862 298.124 495.173
253.97 379.447 377.786
540.139 226.038 615.471
482.289 496.993 200.538
597.214 767.463 405.064
480.927 201.365 521.293
289.57 657.378 644.746
398.792 284.388 682.397
483.645 270.593 307.374
220.529 432.32 585.53
201.989 523.102 525.612
442.402 466.652 792.524
440.988 464.631 207.996
425.37 246.128 641.348
678.791 465.894 738.476
535.007 794.055 451.976
251.222 591.076 359.236
699.249 277.565 528.679
736.34 473.669 682.894
449.669 474.046 205.393
476.101 487.508 201.214
246.969 657.921 532.19
513.357 496.36 799.68
248.435 415.386 360.16
442.567 525.603 206.664
471.293 513.592 201.686
493.771 799.36 481.439
427.28 704.919 293.312
456.914 779.091 398.749
731.373 637.669 367.661
617.632 394.99 244.783
360.4 760.896 450.554
621.423 695.054 692.899
504.261 767.198 363.666
294.671 443.449 288.713
448.814 437.406 788.898
491.806 506 200.172
481.53 779.162 608.292
545.367 714.868 704.386
764.977 363.853 464.629
558.024 206.247 518.501
400.928 513.113 782.865
302.658 640.291 677.128
645.912 276.077 363.735
452.998 795.673 480.807
691.426 435.484 721.796
500.33 499.778 200
513.023 203.4 543.117
366.349 358.729 271.57
500.239 436.777 206.738
787.739 470.835 579.722
214.597 446.274 575.224
505.382 431.914 207.878
524.448 403.661 216.943
788.131 580.005 475.92
674.582 553.387 738.057
699.654 447.908 282.227
545.37 260.935 675.469
531.384 571.183 210.262
467.161 510.87 797.999
226.809 448.285 612.661
798.059 482.947 470.503
558.632 729.622 683.946
535.4 205.569 454.64
537.022 625.874 230.213
246.506 418.474 638.182
403.117 669.18 271.983
634.481 233.911 466.661
482.942 496.578 200.505
539.695 338.638 250.227
773.914 383.268 463.327
358.313 238.357 461.689
460.017 391.408 776.784
468.089 230.623 628.131
352.714 632.837 725.081
709.568 405.576 692.783
527.597 253.37 331.442
277.791 440.691 692.629
433.056 754.374 355.735
336.428 319.147 325.253
528.95 538.107 203.842
683.814 360.663 308.173
307.405 477.704 271.067
273.673 607.023 665.295
764.42 623.485 430.475
670.574 433.043 737.531
585.935 335.345 735.592
452.892 740.476 673.067
545.163 492.358 203.518
582.273 242.587 369.732
261.868 539.426 678.154
451.481 423.89 213.9
282.087 468.292 296.264
510.651 548.087 204.071
497.228 499.982 200.013
448.33 783.433 583.642
795.002 495.302 554.329
242.433 525.622 651.666
609.759 481.982 221.381
358.375 723.143 641.949
210.655 549.487 561.892
424.349 425.834 219.329
305.656 728.534 498.512
240.041 476.122 352.179
666.977 251.045 511.848
329.111 629.444 290.14
627.614 571.76 761.85
539.934 387.768 775.335
569.723 568.326 783.673
411.099 514.259 213.83
583.161 786.094 464.865
720.587 663.052 378.529
327.641 354.959 301.87
500.148 509.481 799.85
512.108 476.396 201.175
506.382 739.794 319.838
716.621 338.035 629.78
552.692 516.157 205.106
716.497 438.301 301.701
669.457 740.059 560.463
477.755 242.41 347.841
587.001 512.519 213.165
477.617 585.785 786.601
684.395 410.188 718.935
492.629 646.607 761.634
600.861 728.619 666.014
398.629 258.066 354.427
658.861 708.116 646.461
610.131 547 224.932
566.836 728.074 316.929
297.522 590.585 298.018
517.957 500.89 799.461
267.959 658.168 394.455
250.013 342.206 551.064
710.299 386.901 681.612
469.623 429.113 210.082
352.005 563.244 246.825
617.378 360.474 261.767
631.699 644.835 727.328
557.334 782.681 417.512
442.643 326.188 737.697
491.774 373.768 772.025
522.916 530.543 797.56
391.38 509.984 220.533
497.522 500.685 200.011
799.046 476.834 505.914
399.774 369.504 750.849
789.42 578.363 509.758
767.302 548.918 372.891
451.183 363.185 762.486
481.442 549.281 204.658
442.684 572.042 214.475
568.232 749.024 652.747
762.041 540.22 359.584
349.793 281.361 640.124
451.384 408.028 218.615
372.759 559.677 234.956
470.466 740.213 677.272
430.963 462.871 210.422
371.223 233.52 549.036
573.74 764.367 621.129
616.187 565.532 231.288
233.073 366.431 469.842
582.652 538.942 214.251
633.457 319.689 699.191
558.1 778.686 405.352
488.281 515.14 200.612
687.012 422.438 278.617
258.646 551.884 670.459
458.673 501.741 797.135
225.025 619.899 503.61
737.087 632.208 627.715
583.615 280.549 313.319
612.365 512.686 222.127
707.743 716.022 486.684
544.386 478.313 204.095
567.662 788.962 456.147
324.574 638.356 700.209
423.578 359.412 246.239
400.514 742.246 646.354
670.159 461.102 256.006
754.512 357.082 569.269
517.188 529.272 798.073
464.176 638.796 763.538
620.152 739.048 364.281
648.205 497.512 760.824
503.295 489.439 200.204
679.486 565.248 731.36
211.941 438.335 443.258
573.729 213 546.851
297.352 288.962 433.694
495.824 488.987 799.769
358.464 520.622 763.709
513.8 541.685 796.769
406.116 441.687 221.1
678.708 688.6 649.979
315.892 535.646 265.834
484.378 532.66 202.193
432.604 413.559 779.259
240.514 631.17 426.097
506.731 269.393 691.768
791.178 567.561 474.489
535.023 516.064 202.485
616.183 372.448 745.422
313.365 265.258 507.964
